#, trajectory num :0
2421, 2421, 2421
4883, 4883, 4883
3134, 3134, 3134
4667, 4667, 4667
1217, 1217, 1217
3134, 3134, 3134
4666, 4666, 4666
4666, 4666, 4666
3700, 3700, 3700
872, 872, 872
872, 872, 872
2959, 2959, 2959
872, 872, 872
866, 866, 866
1031, 1031, 1031
960, 960, 960
4709, 4709, 4709
963, 963, 963
873, 873, 873
872, 872, 872
1187, 1187, 1187
#, trajectory num :1
1087, 1087, 1087
2924, 2924, 2924
722, 722, 722
4318, 4318, 4318
4970, 4970, 4970
257, 257, 257
1485, 1485, 1485
1511, 1511, 1511
5847, 5847, 5847
1771, 1771, 1771
1771, 1771, 1771
2635, 2635, 2635
3198, 3198, 3198
1019, 1019, 1019
5684, 5684, 5684
485, 485, 485
4710, 4710, 4710
3228, 3228, 3228
3228, 3228, 3228
3257, 3257, 3257
1854, 1854, 1854
#, trajectory num :2
1695, 1695, 1695
3279, 3279, 3279
2924, 2924, 2924
3277, 3277, 3277
2960, 2960, 2960
3440, 3440, 3440
5159, 5159, 5159
570, 570, 570
3225, 3225, 3225
1739, 1739, 1739
57, 57, 57
2989, 2989, 2989
2980, 2980, 2980
484, 484, 484
5952, 5952, 5952
5367, 5367, 5367
1682, 1682, 1682
3317, 3317, 3317
5369, 5369, 5369
873, 873, 873
802, 802, 802
#, trajectory num :3
5957, 5957, 5957
1072, 1072, 1072
2140, 2140, 2140
2859, 2859, 2859
5910, 5910, 5910
2421, 2421, 2421
3639, 3639, 3639
1072, 1072, 1072
4134, 4134, 4134
1353, 1353, 1353
1659, 1659, 1659
3279, 3279, 3279
1001, 1001, 1001
4391, 4391, 4391
1001, 1001, 1001
5711, 5711, 5711
1695, 1695, 1695
2924, 2924, 2924
2920, 2920, 2920
2924, 2924, 2924
2924, 2924, 2924
#, trajectory num :4
5957, 5957, 5957
5849, 5849, 5849
5850, 5850, 5850
5850, 5850, 5850
4262, 4262, 4262
4198, 4198, 4198
5584, 5584, 5584
4283, 4283, 4283
4280, 4280, 4280
5584, 5584, 5584
4267, 4267, 4267
4278, 4278, 4278
4283, 4283, 4283
4270, 4270, 4270
4270, 4270, 4270
5338, 5338, 5338
4812, 4812, 4812
5338, 5338, 5338
5338, 5338, 5338
3868, 3868, 3868
5848, 5848, 5848
#, trajectory num :5
5853, 5853, 5853
3868, 3868, 3868
5863, 5863, 5863
490, 490, 490
247, 247, 247
3854, 3854, 3854
3781, 3781, 3781
2610, 2610, 2610
258, 258, 258
258, 258, 258
2393, 2393, 2393
258, 258, 258
4169, 4169, 4169
308, 308, 308
366, 366, 366
4169, 4169, 4169
366, 366, 366
5023, 5023, 5023
3356, 3356, 3356
2716, 2716, 2716
2507, 2507, 2507
#, trajectory num :6
5213, 5213, 5213
3246, 3246, 3246
2417, 2417, 2417
5789, 5789, 5789
2859, 2859, 2859
2859, 2859, 2859
5957, 5957, 5957
5559, 5559, 5559
4134, 4134, 4134
1536, 1536, 1536
1094, 1094, 1094
4890, 4890, 4890
52, 52, 52
3041, 3041, 3041
3150, 3150, 3150
1659, 1659, 1659
3150, 3150, 3150
2924, 2924, 2924
3150, 3150, 3150
1659, 1659, 1659
1761, 1761, 1761
#, trajectory num :7
3517, 3517, 3517
569, 569, 569
5177, 5177, 5177
2962, 2962, 2962
3225, 3225, 3225
2898, 2898, 2898
2898, 2898, 2898
1227, 1227, 1227
5369, 5369, 5369
2265, 2265, 2265
2429, 2429, 2429
1854, 1854, 1854
1426, 1426, 1426
5592, 5592, 5592
5152, 5152, 5152
4077, 4077, 4077
5591, 5591, 5591
5954, 5954, 5954
5953, 5953, 5953
1796, 1796, 1796
1123, 1123, 1123
#, trajectory num :8
2581, 2581, 2581
3157, 3157, 3157
2238, 2238, 2238
2581, 2581, 2581
2196, 2196, 2196
3726, 3726, 3726
2515, 2515, 2515
2510, 2510, 2510
2514, 2514, 2514
2509, 2509, 2509
2527, 2527, 2527
2509, 2509, 2509
2520, 2520, 2520
3826, 3826, 3826
3310, 3310, 3310
2507, 2507, 2507
2507, 2507, 2507
2259, 2259, 2259
5847, 5847, 5847
5852, 5852, 5852
5590, 5590, 5590
#, trajectory num :9
5507, 5507, 5507
8, 8, 8
14, 14, 14
4327, 4327, 4327
3466, 3466, 3466
2984, 2984, 2984
3479, 3479, 3479
3479, 3479, 3479
5380, 5380, 5380
4751, 4751, 4751
5481, 5481, 5481
2352, 2352, 2352
5543, 5543, 5543
2690, 2690, 2690
2352, 2352, 2352
5242, 5242, 5242
4483, 4483, 4483
2477, 2477, 2477
2690, 2690, 2690
2352, 2352, 2352
2547, 2547, 2547
#, trajectory num :10
2678, 2678, 2678
87, 87, 87
3821, 3821, 3821
3821, 3821, 3821
3818, 3818, 3818
4175, 4175, 4175
4175, 4175, 4175
4183, 4183, 4183
101, 101, 101
2293, 2293, 2293
3876, 3876, 3876
136, 136, 136
3348, 3348, 3348
2678, 2678, 2678
2352, 2352, 2352
2352, 2352, 2352
2352, 2352, 2352
2352, 2352, 2352
4861, 4861, 4861
4294, 4294, 4294
4179, 4179, 4179
#, trajectory num :11
4890, 4890, 4890
1309, 1309, 1309
1427, 1427, 1427
831, 831, 831
831, 831, 831
831, 831, 831
5619, 5619, 5619
1854, 1854, 1854
1856, 1856, 1856
1856, 1856, 1856
1854, 1854, 1854
1854, 1854, 1854
1856, 1856, 1856
1125, 1125, 1125
4710, 4710, 4710
4709, 4709, 4709
3276, 3276, 3276
5520, 5520, 5520
485, 485, 485
5455, 5455, 5455
3997, 3997, 3997
#, trajectory num :12
5204, 5204, 5204
1850, 1850, 1850
4177, 4177, 4177
4177, 4177, 4177
4177, 4177, 4177
4177, 4177, 4177
4031, 4031, 4031
4177, 4177, 4177
432, 432, 432
4177, 4177, 4177
3919, 3919, 3919
3919, 3919, 3919
5334, 5334, 5334
3919, 3919, 3919
4177, 4177, 4177
5221, 5221, 5221
5204, 5204, 5204
5204, 5204, 5204
5848, 5848, 5848
4180, 4180, 4180
1854, 1854, 1854
#, trajectory num :13
2873, 2873, 2873
3197, 3197, 3197
2816, 2816, 2816
48, 48, 48
2253, 2253, 2253
4762, 4762, 4762
1627, 1627, 1627
3286, 3286, 3286
1625, 1625, 1625
3969, 3969, 3969
1110, 1110, 1110
4017, 4017, 4017
3286, 3286, 3286
2627, 2627, 2627
2932, 2932, 2932
1756, 1756, 1756
2417, 2417, 2417
8, 8, 8
5509, 5509, 5509
2932, 2932, 2932
2932, 2932, 2932
#, trajectory num :14
5845, 5845, 5845
5849, 5849, 5849
5846, 5846, 5846
3266, 3266, 3266
5846, 5846, 5846
2547, 2547, 2547
2547, 2547, 2547
2547, 2547, 2547
261, 261, 261
261, 261, 261
1482, 1482, 1482
3267, 3267, 3267
1376, 1376, 1376
3267, 3267, 3267
3267, 3267, 3267
213, 213, 213
3869, 3869, 3869
5866, 5866, 5866
4212, 4212, 4212
2859, 2859, 2859
5854, 5854, 5854
#, trajectory num :15
1236, 1236, 1236
3270, 3270, 3270
825, 825, 825
825, 825, 825
4075, 4075, 4075
1094, 1094, 1094
3952, 3952, 3952
1249, 1249, 1249
1427, 1427, 1427
722, 722, 722
52, 52, 52
831, 831, 831
831, 831, 831
3324, 3324, 3324
1854, 1854, 1854
1856, 1856, 1856
1856, 1856, 1856
1854, 1854, 1854
1856, 1856, 1856
3254, 3254, 3254
723, 723, 723
#, trajectory num :16
1775, 1775, 1775
3449, 3449, 3449
1746, 1746, 1746
1743, 1743, 1743
1089, 1089, 1089
768, 768, 768
1683, 1683, 1683
483, 483, 483
3297, 3297, 3297
981, 981, 981
4387, 4387, 4387
2267, 2267, 2267
2070, 2070, 2070
2267, 2267, 2267
830, 830, 830
3324, 3324, 3324
837, 837, 837
830, 830, 830
3324, 3324, 3324
3324, 3324, 3324
3324, 3324, 3324
#, trajectory num :17
5560, 5560, 5560
5538, 5538, 5538
2188, 2188, 2188
5354, 5354, 5354
3466, 3466, 3466
5484, 5484, 5484
5354, 5354, 5354
5044, 5044, 5044
4649, 4649, 4649
3286, 3286, 3286
1997, 1997, 1997
5572, 5572, 5572
5745, 5745, 5745
1756, 1756, 1756
1784, 1784, 1784
1117, 1117, 1117
1122, 1122, 1122
3134, 3134, 3134
5300, 5300, 5300
4882, 4882, 4882
3246, 3246, 3246
#, trajectory num :18
5854, 5854, 5854
2410, 2410, 2410
1850, 1850, 1850
5204, 5204, 5204
5204, 5204, 5204
1779, 1779, 1779
3637, 3637, 3637
1618, 1618, 1618
5195, 5195, 5195
5304, 5304, 5304
1202, 1202, 1202
4052, 4052, 4052
3935, 3935, 3935
1201, 1201, 1201
5197, 5197, 5197
2840, 2840, 2840
863, 863, 863
847, 847, 847
1216, 1216, 1216
842, 842, 842
5197, 5197, 5197
#, trajectory num :19
1775, 1775, 1775
5705, 5705, 5705
994, 994, 994
1654, 1654, 1654
5713, 5713, 5713
5714, 5714, 5714
4131, 4131, 4131
1536, 1536, 1536
1536, 1536, 1536
1538, 1538, 1538
3503, 3503, 3503
5559, 5559, 5559
3503, 3503, 3503
1427, 1427, 1427
822, 822, 822
4797, 4797, 4797
2263, 2263, 2263
1801, 1801, 1801
5859, 5859, 5859
1799, 1799, 1799
963, 963, 963
#, trajectory num :20
1072, 1072, 1072
5957, 5957, 5957
2859, 2859, 2859
2417, 2417, 2417
2859, 2859, 2859
2426, 2426, 2426
1860, 1860, 1860
3255, 3255, 3255
1860, 1860, 1860
1860, 1860, 1860
5369, 5369, 5369
41, 41, 41
5952, 5952, 5952
5952, 5952, 5952
5952, 5952, 5952
1695, 1695, 1695
770, 770, 770
1695, 1695, 1695
1695, 1695, 1695
5475, 5475, 5475
5475, 5475, 5475
#, trajectory num :21
1659, 1659, 1659
5282, 5282, 5282
3449, 3449, 3449
3279, 3279, 3279
667, 667, 667
4421, 4421, 4421
4861, 4861, 4861
4422, 4422, 4422
4421, 4421, 4421
4421, 4421, 4421
15, 15, 15
2252, 2252, 2252
2251, 2251, 2251
2252, 2252, 2252
2250, 2250, 2250
650, 650, 650
5507, 5507, 5507
3049, 3049, 3049
5714, 5714, 5714
1001, 1001, 1001
5714, 5714, 5714
#, trajectory num :22
15, 15, 15
13, 13, 13
5543, 5543, 5543
5395, 5395, 5395
2352, 2352, 2352
2690, 2690, 2690
2477, 2477, 2477
2477, 2477, 2477
2474, 2474, 2474
2477, 2477, 2477
2678, 2678, 2678
2677, 2677, 2677
2702, 2702, 2702
2677, 2677, 2677
2766, 2766, 2766
2768, 2768, 2768
2769, 2769, 2769
2352, 2352, 2352
2352, 2352, 2352
4294, 4294, 4294
5997, 5997, 5997
#, trajectory num :23
770, 770, 770
830, 830, 830
1682, 1682, 1682
5952, 5952, 5952
2262, 2262, 2262
2980, 2980, 2980
5684, 5684, 5684
5684, 5684, 5684
1582, 1582, 1582
4047, 4047, 4047
5319, 5319, 5319
767, 767, 767
1154, 1154, 1154
1001, 1001, 1001
1654, 1654, 1654
3279, 3279, 3279
6026, 6026, 6026
3279, 3279, 3279
5444, 5444, 5444
1761, 1761, 1761
1654, 1654, 1654
#, trajectory num :24
1778, 1778, 1778
5191, 5191, 5191
5199, 5199, 5199
5604, 5604, 5604
3111, 3111, 3111
5193, 5193, 5193
34, 34, 34
4886, 4886, 4886
4888, 4888, 4888
4888, 4888, 4888
847, 847, 847
5604, 5604, 5604
3250, 3250, 3250
2856, 2856, 2856
5200, 5200, 5200
5294, 5294, 5294
2429, 2429, 2429
2429, 2429, 2429
831, 831, 831
1427, 1427, 1427
5559, 5559, 5559
#, trajectory num :25
5213, 5213, 5213
5294, 5294, 5294
5294, 5294, 5294
1612, 1612, 1612
3935, 3935, 3935
3935, 3935, 3935
1210, 1210, 1210
5336, 5336, 5336
3935, 3935, 3935
5786, 5786, 5786
1211, 1211, 1211
5294, 5294, 5294
3637, 3637, 3637
1615, 1615, 1615
5212, 5212, 5212
1205, 1205, 1205
1205, 1205, 1205
5200, 5200, 5200
3935, 3935, 3935
2116, 2116, 2116
5854, 5854, 5854
#, trajectory num :26
4593, 4593, 4593
3018, 3018, 3018
3566, 3566, 3566
1518, 1518, 1518
4619, 4619, 4619
523, 523, 523
814, 814, 814
2220, 2220, 2220
5317, 5317, 5317
5358, 5358, 5358
4936, 4936, 4936
4632, 4632, 4632
5510, 5510, 5510
5333, 5333, 5333
4632, 4632, 4632
4648, 4648, 4648
3685, 3685, 3685
3682, 3682, 3682
3685, 3685, 3685
5624, 5624, 5624
2221, 2221, 2221
#, trajectory num :27
4212, 4212, 4212
3868, 3868, 3868
3855, 3855, 3855
3868, 3868, 3868
3855, 3855, 3855
4262, 4262, 4262
4302, 4302, 4302
4259, 4259, 4259
494, 494, 494
4172, 4172, 4172
4172, 4172, 4172
4476, 4476, 4476
4476, 4476, 4476
4263, 4263, 4263
5843, 5843, 5843
5843, 5843, 5843
5843, 5843, 5843
5843, 5843, 5843
1510, 1510, 1510
2927, 2927, 2927
1482, 1482, 1482
#, trajectory num :28
5895, 5895, 5895
5559, 5559, 5559
1650, 1650, 1650
1072, 1072, 1072
3246, 3246, 3246
4704, 4704, 4704
5938, 5938, 5938
5936, 5936, 5936
5562, 5562, 5562
4860, 4860, 4860
831, 831, 831
8, 8, 8
4751, 4751, 4751
2352, 2352, 2352
4292, 4292, 4292
140, 140, 140
151, 151, 151
2678, 2678, 2678
4195, 4195, 4195
217, 217, 217
2548, 2548, 2548
#, trajectory num :29
4866, 4866, 4866
2418, 2418, 2418
4866, 4866, 4866
4866, 4866, 4866
4866, 4866, 4866
2429, 2429, 2429
963, 963, 963
4548, 4548, 4548
3895, 3895, 3895
3228, 3228, 3228
4549, 4549, 4549
751, 751, 751
2261, 2261, 2261
787, 787, 787
3994, 3994, 3994
1735, 1735, 1735
3290, 3290, 3290
3581, 3581, 3581
692, 692, 692
881, 881, 881
28, 28, 28
#, trajectory num :30
3324, 3324, 3324
3255, 3255, 3255
3255, 3255, 3255
1785, 1785, 1785
1778, 1778, 1778
1784, 1784, 1784
3134, 3134, 3134
3542, 3542, 3542
5300, 5300, 5300
3329, 3329, 3329
3250, 3250, 3250
848, 848, 848
4882, 4882, 4882
5197, 5197, 5197
1612, 1612, 1612
3250, 3250, 3250
3107, 3107, 3107
5666, 5666, 5666
842, 842, 842
2429, 2429, 2429
2421, 2421, 2421
#, trajectory num :31
1748, 1748, 1748
569, 569, 569
5688, 5688, 5688
5685, 5685, 5685
1741, 1741, 1741
1571, 1571, 1571
1733, 1733, 1733
2898, 2898, 2898
485, 485, 485
484, 484, 484
3317, 3317, 3317
1089, 1089, 1089
2072, 2072, 2072
985, 985, 985
5677, 5677, 5677
1090, 1090, 1090
4386, 4386, 4386
819, 819, 819
5955, 5955, 5955
1584, 1584, 1584
3270, 3270, 3270
#, trajectory num :32
4781, 4781, 4781
1859, 1859, 1859
1803, 1803, 1803
993, 993, 993
993, 993, 993
3135, 3135, 3135
1124, 1124, 1124
4668, 4668, 4668
4888, 4888, 4888
1214, 1214, 1214
4667, 4667, 4667
4668, 4668, 4668
4666, 4666, 4666
4887, 4887, 4887
863, 863, 863
5193, 5193, 5193
3107, 3107, 3107
864, 864, 864
5943, 5943, 5943
5943, 5943, 5943
1856, 1856, 1856
#, trajectory num :33
1682, 1682, 1682
5954, 5954, 5954
5954, 5954, 5954
41, 41, 41
1227, 1227, 1227
1227, 1227, 1227
3257, 3257, 3257
1119, 1119, 1119
3254, 3254, 3254
2263, 2263, 2263
2263, 2263, 2263
1681, 1681, 1681
3296, 3296, 3296
483, 483, 483
1682, 1682, 1682
5954, 5954, 5954
5955, 5955, 5955
1428, 1428, 1428
3317, 3317, 3317
1001, 1001, 1001
767, 767, 767
#, trajectory num :34
2255, 2255, 2255
5577, 5577, 5577
5022, 5022, 5022
4287, 4287, 4287
4282, 4282, 4282
4275, 4275, 4275
4283, 4283, 4283
4287, 4287, 4287
2536, 2536, 2536
2538, 2538, 2538
4273, 4273, 4273
3350, 3350, 3350
4273, 4273, 4273
2470, 2470, 2470
3826, 3826, 3826
3825, 3825, 3825
2466, 2466, 2466
497, 497, 497
3350, 3350, 3350
498, 498, 498
3312, 3312, 3312
#, trajectory num :35
5677, 5677, 5677
2917, 2917, 2917
1087, 1087, 1087
1001, 1001, 1001
3040, 3040, 3040
3370, 3370, 3370
1678, 1678, 1678
1509, 1509, 1509
2922, 2922, 2922
1678, 1678, 1678
2923, 2923, 2923
5714, 5714, 5714
994, 994, 994
5670, 5670, 5670
1322, 1322, 1322
1695, 1695, 1695
833, 833, 833
3317, 3317, 3317
5475, 5475, 5475
833, 833, 833
833, 833, 833
#, trajectory num :36
3246, 3246, 3246
2859, 2859, 2859
2859, 2859, 2859
2859, 2859, 2859
2859, 2859, 2859
2859, 2859, 2859
2859, 2859, 2859
5786, 5786, 5786
2859, 2859, 2859
2116, 2116, 2116
5957, 5957, 5957
2116, 2116, 2116
5854, 5854, 5854
5587, 5587, 5587
4077, 4077, 4077
4077, 4077, 4077
5867, 5867, 5867
1395, 1395, 1395
4103, 4103, 4103
994, 994, 994
3898, 3898, 3898
#, trajectory num :37
5727, 5727, 5727
1414, 1414, 1414
1414, 1414, 1414
1773, 1773, 1773
5477, 5477, 5477
6039, 6039, 6039
6026, 6026, 6026
1761, 1761, 1761
5344, 5344, 5344
5342, 5342, 5342
5342, 5342, 5342
2884, 2884, 2884
3095, 3095, 3095
895, 895, 895
4087, 4087, 4087
1054, 1054, 1054
1362, 1362, 1362
4628, 4628, 4628
1327, 1327, 1327
4359, 4359, 4359
5837, 5837, 5837
#, trajectory num :38
2924, 2924, 2924
1811, 1811, 1811
1095, 1095, 1095
1231, 1231, 1231
1094, 1094, 1094
3152, 3152, 3152
2634, 2634, 2634
1493, 1493, 1493
1493, 1493, 1493
1488, 1488, 1488
1493, 1493, 1493
1511, 1511, 1511
1488, 1488, 1488
3150, 3150, 3150
3084, 3084, 3084
5705, 5705, 5705
2924, 2924, 2924
1087, 1087, 1087
1087, 1087, 1087
2924, 2924, 2924
724, 724, 724
#, trajectory num :39
185, 185, 185
4813, 4813, 4813
192, 192, 192
2778, 2778, 2778
5577, 5577, 5577
498, 498, 498
498, 498, 498
3824, 3824, 3824
3824, 3824, 3824
2536, 2536, 2536
2538, 2538, 2538
3350, 3350, 3350
2538, 2538, 2538
2283, 2283, 2283
2541, 2541, 2541
4283, 4283, 4283
307, 307, 307
4283, 4283, 4283
4287, 4287, 4287
4263, 4263, 4263
2548, 2548, 2548
#, trajectory num :40
1072, 1072, 1072
3246, 3246, 3246
2421, 2421, 2421
3700, 3700, 3700
3700, 3700, 3700
3700, 3700, 3700
3700, 3700, 3700
4081, 4081, 4081
4081, 4081, 4081
4669, 4669, 4669
3700, 3700, 3700
4669, 4669, 4669
4667, 4667, 4667
4667, 4667, 4667
4885, 4885, 4885
4885, 4885, 4885
864, 864, 864
4885, 4885, 4885
847, 847, 847
3134, 3134, 3134
3107, 3107, 3107
#, trajectory num :41
1227, 1227, 1227
3296, 3296, 3296
4680, 4680, 4680
41, 41, 41
4709, 4709, 4709
1227, 1227, 1227
1582, 1582, 1582
5952, 5952, 5952
766, 766, 766
766, 766, 766
1745, 1745, 1745
5282, 5282, 5282
1744, 1744, 1744
1084, 1084, 1084
1084, 1084, 1084
3370, 3370, 3370
5714, 5714, 5714
1001, 1001, 1001
1228, 1228, 1228
4076, 4076, 4076
1001, 1001, 1001
#, trajectory num :42
2932, 2932, 2932
3685, 3685, 3685
4631, 4631, 4631
3685, 3685, 3685
3685, 3685, 3685
3685, 3685, 3685
3685, 3685, 3685
4648, 4648, 4648
3685, 3685, 3685
3685, 3685, 3685
5538, 5538, 5538
5619, 5619, 5619
1778, 1778, 1778
2273, 2273, 2273
5856, 5856, 5856
1119, 1119, 1119
4866, 4866, 4866
2418, 2418, 2418
2429, 2429, 2429
2096, 2096, 2096
5825, 5825, 5825
#, trajectory num :43
871, 871, 871
5888, 5888, 5888
2829, 2829, 2829
326, 326, 326
5403, 5403, 5403
4031, 4031, 4031
329, 329, 329
2350, 2350, 2350
326, 326, 326
2350, 2350, 2350
3919, 3919, 3919
3919, 3919, 3919
3919, 3919, 3919
6020, 6020, 6020
1850, 1850, 1850
432, 432, 432
6016, 6016, 6016
3919, 3919, 3919
97, 97, 97
5216, 5216, 5216
220, 220, 220
#, trajectory num :44
1860, 1860, 1860
5972, 5972, 5972
5859, 5859, 5859
3327, 3327, 3327
2066, 2066, 2066
2066, 2066, 2066
4409, 4409, 4409
1800, 1800, 1800
963, 963, 963
4710, 4710, 4710
3228, 3228, 3228
749, 749, 749
2959, 2959, 2959
586, 586, 586
787, 787, 787
1740, 1740, 1740
5177, 5177, 5177
2959, 2959, 2959
1029, 1029, 1029
569, 569, 569
5969, 5969, 5969
#, trajectory num :45
1695, 1695, 1695
5359, 5359, 5359
2259, 2259, 2259
3415, 3415, 3415
3508, 3508, 3508
3112, 3112, 3112
2238, 2238, 2238
1690, 1690, 1690
2507, 2507, 2507
3312, 3312, 3312
5022, 5022, 5022
4287, 4287, 4287
4283, 4283, 4283
4317, 4317, 4317
4198, 4198, 4198
4212, 4212, 4212
3784, 3784, 3784
213, 213, 213
3866, 3866, 3866
5845, 5845, 5845
2429, 2429, 2429
#, trajectory num :46
1659, 1659, 1659
1001, 1001, 1001
5670, 5670, 5670
3001, 3001, 3001
1129, 1129, 1129
2634, 2634, 2634
1485, 1485, 1485
5150, 5150, 5150
5584, 5584, 5584
5847, 5847, 5847
5587, 5587, 5587
5852, 5852, 5852
3267, 3267, 3267
5852, 5852, 5852
5853, 5853, 5853
5867, 5867, 5867
4179, 4179, 4179
3371, 3371, 3371
5867, 5867, 5867
2924, 2924, 2924
5565, 5565, 5565
#, trajectory num :47
215, 215, 215
5957, 5957, 5957
5143, 5143, 5143
4287, 4287, 4287
4263, 4263, 4263
4270, 4270, 4270
4270, 4270, 4270
311, 311, 311
4282, 4282, 4282
2541, 2541, 2541
4275, 4275, 4275
4281, 4281, 4281
4287, 4287, 4287
4283, 4283, 4283
3352, 3352, 3352
4283, 4283, 4283
4285, 4285, 4285
318, 318, 318
4263, 4263, 4263
217, 217, 217
5861, 5861, 5861
#, trajectory num :48
569, 569, 569
5277, 5277, 5277
4448, 4448, 4448
1132, 1132, 1132
563, 563, 563
4447, 4447, 4447
2985, 2985, 2985
925, 925, 925
45, 45, 45
5420, 5420, 5420
3689, 3689, 3689
5887, 5887, 5887
1571, 1571, 1571
2985, 2985, 2985
1137, 1137, 1137
2959, 2959, 2959
3226, 3226, 3226
3226, 3226, 3226
3700, 3700, 3700
1799, 1799, 1799
1799, 1799, 1799
#, trajectory num :49
1205, 1205, 1205
5781, 5781, 5781
4034, 4034, 4034
1209, 1209, 1209
5909, 5909, 5909
5909, 5909, 5909
2845, 2845, 2845
5909, 5909, 5909
5909, 5909, 5909
5912, 5912, 5912
861, 861, 861
5438, 5438, 5438
4441, 4441, 4441
5911, 5911, 5911
839, 839, 839
2840, 2840, 2840
4883, 4883, 4883
864, 864, 864
864, 864, 864
4671, 4671, 4671
4546, 4546, 4546
#, trajectory num :50
5846, 5846, 5846
5840, 5840, 5840
5869, 5869, 5869
4395, 4395, 4395
5843, 5843, 5843
5843, 5843, 5843
2644, 2644, 2644
3269, 3269, 3269
2547, 2547, 2547
5385, 5385, 5385
2162, 2162, 2162
3492, 3492, 3492
5543, 5543, 5543
4751, 4751, 4751
2092, 2092, 2092
4325, 4325, 4325
11, 11, 11
4325, 4325, 4325
2252, 2252, 2252
5538, 5538, 5538
2250, 2250, 2250
#, trajectory num :51
5845, 5845, 5845
257, 257, 257
5840, 5840, 5840
2547, 2547, 2547
5843, 5843, 5843
3850, 3850, 3850
3850, 3850, 3850
213, 213, 213
2606, 2606, 2606
3868, 3868, 3868
2604, 2604, 2604
2549, 2549, 2549
5726, 5726, 5726
60, 60, 60
218, 218, 218
218, 218, 218
3882, 3882, 3882
60, 60, 60
60, 60, 60
60, 60, 60
213, 213, 213
#, trajectory num :52
2859, 2859, 2859
2422, 2422, 2422
5200, 5200, 5200
3246, 3246, 3246
3139, 3139, 3139
3135, 3135, 3135
5300, 5300, 5300
4671, 4671, 4671
4671, 4671, 4671
4671, 4671, 4671
4546, 4546, 4546
4671, 4671, 4671
4671, 4671, 4671
4671, 4671, 4671
1803, 1803, 1803
5738, 5738, 5738
3226, 3226, 3226
1802, 1802, 1802
1860, 1860, 1860
1854, 1854, 1854
1860, 1860, 1860
#, trajectory num :53
3271, 3271, 3271
3271, 3271, 3271
2512, 2512, 2512
5572, 5572, 5572
2510, 2510, 2510
2238, 2238, 2238
411, 411, 411
2235, 2235, 2235
3726, 3726, 3726
2506, 2506, 2506
2795, 2795, 2795
2510, 2510, 2510
2527, 2527, 2527
2581, 2581, 2581
2507, 2507, 2507
2507, 2507, 2507
2507, 2507, 2507
5584, 5584, 5584
2548, 2548, 2548
5850, 5850, 5850
4859, 4859, 4859
#, trajectory num :54
3228, 3228, 3228
1060, 1060, 1060
583, 583, 583
1060, 1060, 1060
4548, 4548, 4548
1799, 1799, 1799
1853, 1853, 1853
1854, 1854, 1854
831, 831, 831
2267, 2267, 2267
5957, 5957, 5957
2429, 2429, 2429
2429, 2429, 2429
1854, 1854, 1854
3246, 3246, 3246
3246, 3246, 3246
3246, 3246, 3246
5200, 5200, 5200
5294, 5294, 5294
1205, 1205, 1205
2422, 2422, 2422
#, trajectory num :55
5867, 5867, 5867
3267, 3267, 3267
3267, 3267, 3267
3266, 3266, 3266
5843, 5843, 5843
2280, 2280, 2280
3268, 3268, 3268
4317, 4317, 4317
2307, 2307, 2307
3852, 3852, 3852
3868, 3868, 3868
2606, 2606, 2606
2606, 2606, 2606
2549, 2549, 2549
4177, 4177, 4177
4292, 4292, 4292
4177, 4177, 4177
4420, 4420, 4420
1651, 1651, 1651
5048, 5048, 5048
1651, 1651, 1651
#, trajectory num :56
3228, 3228, 3228
806, 806, 806
2899, 2899, 2899
2831, 2831, 2831
1271, 1271, 1271
1060, 1060, 1060
4546, 4546, 4546
3228, 3228, 3228
5965, 5965, 5965
1060, 1060, 1060
1061, 1061, 1061
3228, 3228, 3228
3228, 3228, 3228
4710, 4710, 4710
3228, 3228, 3228
4546, 4546, 4546
4546, 4546, 4546
3228, 3228, 3228
4546, 4546, 4546
1856, 1856, 1856
1123, 1123, 1123
#, trajectory num :57
3569, 3569, 3569
3437, 3437, 3437
4593, 4593, 4593
2188, 2188, 2188
5257, 5257, 5257
3718, 3718, 3718
4944, 4944, 4944
3100, 3100, 3100
3634, 3634, 3634
1513, 1513, 1513
1513, 1513, 1513
4944, 4944, 4944
4995, 4995, 4995
3062, 3062, 3062
2242, 2242, 2242
2084, 2084, 2084
3062, 3062, 3062
3410, 3410, 3410
4330, 4330, 4330
2162, 2162, 2162
2932, 2932, 2932
#, trajectory num :58
1582, 1582, 1582
485, 485, 485
3997, 3997, 3997
1582, 1582, 1582
4048, 4048, 4048
5455, 5455, 5455
1746, 1746, 1746
1746, 1746, 1746
5281, 5281, 5281
1812, 1812, 1812
3604, 3604, 3604
5669, 5669, 5669
1156, 1156, 1156
2926, 2926, 2926
1157, 1157, 1157
2915, 2915, 2915
1241, 1241, 1241
5711, 5711, 5711
1246, 1246, 1246
2916, 2916, 2916
1098, 1098, 1098
#, trajectory num :59
2096, 2096, 2096
5860, 5860, 5860
2103, 2103, 2103
5434, 5434, 5434
1875, 1875, 1875
3523, 3523, 3523
503, 503, 503
2238, 2238, 2238
1696, 1696, 1696
2940, 2940, 2940
1590, 1590, 1590
5339, 5339, 5339
5105, 5105, 5105
561, 561, 561
2830, 2830, 2830
3226, 3226, 3226
4671, 4671, 4671
874, 874, 874
4779, 4779, 4779
5733, 5733, 5733
3133, 3133, 3133
#, trajectory num :60
3281, 3281, 3281
598, 598, 598
5359, 5359, 5359
5266, 5266, 5266
5363, 5363, 5363
4765, 4765, 4765
1691, 1691, 1691
3969, 3969, 3969
2235, 2235, 2235
1696, 1696, 1696
4544, 4544, 4544
5827, 5827, 5827
1590, 1590, 1590
2940, 2940, 2940
2796, 2796, 2796
1696, 1696, 1696
1696, 1696, 1696
1467, 1467, 1467
3157, 3157, 3157
2097, 2097, 2097
2097, 2097, 2097
#, trajectory num :61
4180, 4180, 4180
1650, 1650, 1650
833, 833, 833
4381, 4381, 4381
4381, 4381, 4381
1582, 1582, 1582
766, 766, 766
1583, 1583, 1583
1811, 1811, 1811
1001, 1001, 1001
1241, 1241, 1241
1747, 1747, 1747
1087, 1087, 1087
1129, 1129, 1129
5282, 5282, 5282
1761, 1761, 1761
3450, 3450, 3450
667, 667, 667
4391, 4391, 4391
5475, 5475, 5475
5430, 5430, 5430
#, trajectory num :62
3784, 3784, 3784
253, 253, 253
258, 258, 258
258, 258, 258
26, 26, 26
3863, 3863, 3863
258, 258, 258
250, 250, 250
258, 258, 258
258, 258, 258
258, 258, 258
4554, 4554, 4554
4981, 4981, 4981
4981, 4981, 4981
2678, 2678, 2678
4984, 4984, 4984
5623, 5623, 5623
2461, 2461, 2461
1519, 1519, 1519
5543, 5543, 5543
5256, 5256, 5256
#, trajectory num :63
3629, 3629, 3629
3098, 3098, 3098
3622, 3622, 3622
5622, 5622, 5622
3634, 3634, 3634
5316, 5316, 5316
3098, 3098, 3098
5622, 5622, 5622
5622, 5622, 5622
2434, 2434, 2434
4127, 4127, 4127
3098, 3098, 3098
3435, 3435, 3435
5622, 5622, 5622
2181, 2181, 2181
946, 946, 946
5121, 5121, 5121
3018, 3018, 3018
5756, 5756, 5756
5751, 5751, 5751
2252, 2252, 2252
#, trajectory num :64
4680, 4680, 4680
3256, 3256, 3256
3276, 3276, 3276
3225, 3225, 3225
1585, 1585, 1585
1736, 1736, 1736
3581, 3581, 3581
5687, 5687, 5687
4356, 4356, 4356
692, 692, 692
689, 689, 689
3441, 3441, 3441
3441, 3441, 3441
1322, 1322, 1322
769, 769, 769
767, 767, 767
1695, 1695, 1695
3449, 3449, 3449
1084, 1084, 1084
1087, 1087, 1087
3898, 3898, 3898
#, trajectory num :65
885, 885, 885
5311, 5311, 5311
4152, 4152, 4152
5308, 5308, 5308
2884, 2884, 2884
6026, 6026, 6026
5987, 5987, 5987
1141, 1141, 1141
5271, 5271, 5271
910, 910, 910
910, 910, 910
889, 889, 889
3549, 3549, 3549
632, 632, 632
3415, 3415, 3415
3415, 3415, 3415
3280, 3280, 3280
5957, 5957, 5957
3639, 3639, 3639
833, 833, 833
1854, 1854, 1854
#, trajectory num :66
4860, 4860, 4860
5560, 5560, 5560
2162, 2162, 2162
1513, 1513, 1513
5354, 5354, 5354
1513, 1513, 1513
48, 48, 48
3132, 3132, 3132
5733, 5733, 5733
874, 874, 874
874, 874, 874
2829, 2829, 2829
1060, 1060, 1060
4927, 4927, 4927
4448, 4448, 4448
4921, 4921, 4921
583, 583, 583
1061, 1061, 1061
1030, 1030, 1030
1030, 1030, 1030
802, 802, 802
#, trajectory num :67
3174, 3174, 3174
3175, 3175, 3175
118, 118, 118
2434, 2434, 2434
3179, 3179, 3179
5623, 5623, 5623
3099, 3099, 3099
3098, 3098, 3098
3098, 3098, 3098
4840, 4840, 4840
4824, 4824, 4824
4648, 4648, 4648
3752, 3752, 3752
4825, 4825, 4825
3682, 3682, 3682
2245, 2245, 2245
2983, 2983, 2983
2242, 2242, 2242
5933, 5933, 5933
3099, 3099, 3099
3628, 3628, 3628
#, trajectory num :68
645, 645, 645
627, 627, 627
1773, 1773, 1773
2093, 2093, 2093
4417, 4417, 4417
4419, 4419, 4419
4419, 4419, 4419
10, 10, 10
4421, 4421, 4421
4421, 4421, 4421
644, 644, 644
5507, 5507, 5507
5506, 5506, 5506
3049, 3049, 3049
4421, 4421, 4421
2252, 2252, 2252
3314, 3314, 3314
3314, 3314, 3314
3338, 3338, 3338
5538, 5538, 5538
8, 8, 8
#, trajectory num :69
6019, 6019, 6019
5338, 5338, 5338
4818, 4818, 4818
2260, 2260, 2260
189, 189, 189
189, 189, 189
189, 189, 189
189, 189, 189
189, 189, 189
189, 189, 189
4282, 4282, 4282
4270, 4270, 4270
4270, 4270, 4270
4282, 4282, 4282
4287, 4287, 4287
4270, 4270, 4270
4287, 4287, 4287
5022, 5022, 5022
4287, 4287, 4287
3312, 3312, 3312
5577, 5577, 5577
#, trajectory num :70
186, 186, 186
5020, 5020, 5020
5576, 5576, 5576
5576, 5576, 5576
5576, 5576, 5576
2507, 2507, 2507
2238, 2238, 2238
2238, 2238, 2238
2238, 2238, 2238
2581, 2581, 2581
3157, 3157, 3157
2581, 2581, 2581
2507, 2507, 2507
2259, 2259, 2259
5145, 5145, 5145
5145, 5145, 5145
3324, 3324, 3324
3324, 3324, 3324
5591, 5591, 5591
4134, 4134, 4134
1854, 1854, 1854
#, trajectory num :71
2512, 2512, 2512
2510, 2510, 2510
2211, 2211, 2211
2520, 2520, 2520
2512, 2512, 2512
2509, 2509, 2509
2731, 2731, 2731
2510, 2510, 2510
2196, 2196, 2196
2213, 2213, 2213
2213, 2213, 2213
2582, 2582, 2582
1690, 1690, 1690
5572, 5572, 5572
5576, 5576, 5576
2512, 2512, 2512
1474, 1474, 1474
3360, 3360, 3360
3286, 3286, 3286
2582, 2582, 2582
3358, 3358, 3358
#, trajectory num :72
3298, 3298, 3298
2254, 2254, 2254
2250, 2250, 2250
2252, 2252, 2252
3197, 3197, 3197
3657, 3657, 3657
3410, 3410, 3410
5649, 5649, 5649
5649, 5649, 5649
3657, 3657, 3657
5649, 5649, 5649
4419, 4419, 4419
4419, 4419, 4419
2252, 2252, 2252
1775, 1775, 1775
5721, 5721, 5721
2634, 2634, 2634
1747, 1747, 1747
5590, 5590, 5590
1485, 1485, 1485
5360, 5360, 5360
#, trajectory num :73
5384, 5384, 5384
5383, 5383, 5383
118, 118, 118
3098, 3098, 3098
3479, 3479, 3479
2241, 2241, 2241
3180, 3180, 3180
5257, 5257, 5257
5252, 5252, 5252
3479, 3479, 3479
5392, 5392, 5392
3600, 3600, 3600
5381, 5381, 5381
2174, 2174, 2174
5380, 5380, 5380
5251, 5251, 5251
5380, 5380, 5380
5380, 5380, 5380
5242, 5242, 5242
5395, 5395, 5395
5385, 5385, 5385
#, trajectory num :74
4258, 4258, 4258
3855, 3855, 3855
3239, 3239, 3239
4319, 4319, 4319
4146, 4146, 4146
4302, 4302, 4302
252, 252, 252
250, 250, 250
250, 250, 250
252, 252, 252
2616, 2616, 2616
4202, 4202, 4202
4208, 4208, 4208
4202, 4202, 4202
4470, 4470, 4470
2612, 2612, 2612
2620, 2620, 2620
250, 250, 250
197, 197, 197
2395, 2395, 2395
3868, 3868, 3868
#, trajectory num :75
2429, 2429, 2429
2418, 2418, 2418
2418, 2418, 2418
3121, 3121, 3121
2843, 2843, 2843
2425, 2425, 2425
3640, 3640, 3640
3639, 3639, 3639
2425, 2425, 2425
3700, 3700, 3700
3699, 3699, 3699
5105, 5105, 5105
3689, 3689, 3689
5339, 5339, 5339
5459, 5459, 5459
560, 560, 560
2987, 2987, 2987
1285, 1285, 1285
1592, 1592, 1592
2962, 2962, 2962
873, 873, 873
#, trajectory num :76
4134, 4134, 4134
1854, 1854, 1854
3255, 3255, 3255
3246, 3246, 3246
2429, 2429, 2429
2429, 2429, 2429
2429, 2429, 2429
831, 831, 831
3246, 3246, 3246
1856, 1856, 1856
3324, 3324, 3324
833, 833, 833
4180, 4180, 4180
3694, 3694, 3694
885, 885, 885
1304, 1304, 1304
1419, 1419, 1419
1304, 1304, 1304
3281, 3281, 3281
3281, 3281, 3281
3281, 3281, 3281
#, trajectory num :77
3858, 3858, 3858
5560, 5560, 5560
4294, 4294, 4294
2547, 2547, 2547
220, 220, 220
5561, 5561, 5561
4553, 4553, 4553
4341, 4341, 4341
5354, 5354, 5354
5354, 5354, 5354
3466, 3466, 3466
3102, 3102, 3102
3684, 3684, 3684
4649, 4649, 4649
2865, 2865, 2865
3685, 3685, 3685
3125, 3125, 3125
3125, 3125, 3125
3125, 3125, 3125
5385, 5385, 5385
5547, 5547, 5547
#, trajectory num :78
2379, 2379, 2379
1301, 1301, 1301
5344, 5344, 5344
1659, 1659, 1659
767, 767, 767
767, 767, 767
1695, 1695, 1695
5475, 5475, 5475
5369, 5369, 5369
4180, 4180, 4180
1650, 1650, 1650
4134, 4134, 4134
5559, 5559, 5559
3324, 3324, 3324
3301, 3301, 3301
831, 831, 831
5768, 5768, 5768
5854, 5854, 5854
8, 8, 8
8, 8, 8
2932, 2932, 2932
#, trajectory num :79
2252, 2252, 2252
1756, 1756, 1756
4341, 4341, 4341
5354, 5354, 5354
3685, 3685, 3685
3479, 3479, 3479
3472, 3472, 3472
5382, 5382, 5382
5555, 5555, 5555
5547, 5547, 5547
4327, 4327, 4327
1513, 1513, 1513
4808, 4808, 4808
5562, 5562, 5562
5243, 5243, 5243
5623, 5623, 5623
1513, 1513, 1513
3463, 3463, 3463
3463, 3463, 3463
5562, 5562, 5562
5354, 5354, 5354
#, trajectory num :80
3772, 3772, 3772
1015, 1015, 1015
5922, 5922, 5922
5922, 5922, 5922
892, 892, 892
4150, 4150, 4150
1419, 1419, 1419
5308, 5308, 5308
5308, 5308, 5308
4848, 4848, 4848
1071, 1071, 1071
2422, 2422, 2422
1205, 1205, 1205
5212, 5212, 5212
1612, 1612, 1612
3246, 3246, 3246
5213, 5213, 5213
5213, 5213, 5213
2429, 2429, 2429
1072, 1072, 1072
2429, 2429, 2429
#, trajectory num :81
1856, 1856, 1856
833, 833, 833
833, 833, 833
1089, 1089, 1089
825, 825, 825
5954, 5954, 5954
5952, 5952, 5952
3251, 3251, 3251
485, 485, 485
5952, 5952, 5952
4733, 4733, 4733
3317, 3317, 3317
41, 41, 41
41, 41, 41
5856, 5856, 5856
978, 978, 978
4705, 4705, 4705
4781, 4781, 4781
1802, 1802, 1802
1799, 1799, 1799
1800, 1800, 1800
#, trajectory num :82
3249, 3249, 3249
4412, 4412, 4412
1780, 1780, 1780
1784, 1784, 1784
5940, 5940, 5940
5942, 5942, 5942
989, 989, 989
2855, 2855, 2855
5605, 5605, 5605
5605, 5605, 5605
992, 992, 992
5935, 5935, 5935
1114, 1114, 1114
5856, 5856, 5856
5859, 5859, 5859
4709, 4709, 4709
1796, 1796, 1796
5954, 5954, 5954
5954, 5954, 5954
4709, 4709, 4709
3335, 3335, 3335
#, trajectory num :83
3694, 3694, 3694
1860, 1860, 1860
833, 833, 833
1650, 1650, 1650
3296, 3296, 3296
2066, 2066, 2066
5856, 5856, 5856
484, 484, 484
1119, 1119, 1119
3255, 3255, 3255
3246, 3246, 3246
3694, 3694, 3694
3281, 3281, 3281
3281, 3281, 3281
1419, 1419, 1419
1360, 1360, 1360
3891, 3891, 3891
1359, 1359, 1359
970, 970, 970
2017, 2017, 2017
5477, 5477, 5477
#, trajectory num :84
5668, 5668, 5668
831, 831, 831
5559, 5559, 5559
831, 831, 831
4134, 4134, 4134
3324, 3324, 3324
1856, 1856, 1856
3255, 3255, 3255
3255, 3255, 3255
1785, 1785, 1785
1778, 1778, 1778
5294, 5294, 5294
1612, 1612, 1612
5212, 5212, 5212
1783, 1783, 1783
5604, 5604, 5604
5293, 5293, 5293
1201, 1201, 1201
1201, 1201, 1201
4571, 4571, 4571
3246, 3246, 3246
#, trajectory num :85
5533, 5533, 5533
4001, 4001, 4001
4542, 4542, 4542
3977, 3977, 3977
3977, 3977, 3977
1107, 1107, 1107
1107, 1107, 1107
1696, 1696, 1696
1696, 1696, 1696
2238, 2238, 2238
2238, 2238, 2238
4001, 4001, 4001
5577, 5577, 5577
5576, 5576, 5576
6024, 6024, 6024
186, 186, 186
186, 186, 186
5587, 5587, 5587
185, 185, 185
3514, 3514, 3514
5850, 5850, 5850
#, trajectory num :86
825, 825, 825
5917, 5917, 5917
1425, 1425, 1425
300, 300, 300
1001, 1001, 1001
1743, 1743, 1743
5152, 5152, 5152
5714, 5714, 5714
1775, 1775, 1775
259, 259, 259
5705, 5705, 5705
994, 994, 994
3150, 3150, 3150
5710, 5710, 5710
1774, 1774, 1774
1774, 1774, 1774
1774, 1774, 1774
2095, 2095, 2095
1303, 1303, 1303
259, 259, 259
5895, 5895, 5895
#, trajectory num :87
4970, 4970, 4970
5090, 5090, 5090
5085, 5085, 5085
1107, 1107, 1107
3367, 3367, 3367
4853, 4853, 4853
2582, 2582, 2582
5765, 5765, 5765
2517, 2517, 2517
2129, 2129, 2129
2804, 2804, 2804
1704, 1704, 1704
2133, 2133, 2133
3977, 3977, 3977
1719, 1719, 1719
3978, 3978, 3978
3364, 3364, 3364
3158, 3158, 3158
2582, 2582, 2582
1113, 1113, 1113
1625, 1625, 1625
#, trajectory num :88
3575, 3575, 3575
894, 894, 894
5376, 5376, 5376
3278, 3278, 3278
3278, 3278, 3278
3278, 3278, 3278
3415, 3415, 3415
3009, 3009, 3009
3153, 3153, 3153
3157, 3157, 3157
4279, 4279, 4279
2507, 2507, 2507
2507, 2507, 2507
5847, 5847, 5847
5587, 5587, 5587
2259, 2259, 2259
4178, 4178, 4178
5590, 5590, 5590
4179, 4179, 4179
2351, 2351, 2351
3270, 3270, 3270
#, trajectory num :89
1767, 1767, 1767
1351, 1351, 1351
2379, 2379, 2379
1393, 1393, 1393
4782, 4782, 4782
4651, 4651, 4651
3902, 3902, 3902
2403, 2403, 2403
6035, 6035, 6035
629, 629, 629
909, 909, 909
4783, 4783, 4783
6035, 6035, 6035
1149, 1149, 1149
623, 623, 623
5309, 5309, 5309
906, 906, 906
622, 622, 622
910, 910, 910
1303, 1303, 1303
626, 626, 626
#, trajectory num :90
2429, 2429, 2429
3246, 3246, 3246
3246, 3246, 3246
5200, 5200, 5200
3246, 3246, 3246
3246, 3246, 3246
3246, 3246, 3246
3246, 3246, 3246
3246, 3246, 3246
3246, 3246, 3246
5200, 5200, 5200
5943, 5943, 5943
1785, 1785, 1785
3246, 3246, 3246
1856, 1856, 1856
1856, 1856, 1856
3255, 3255, 3255
3324, 3324, 3324
3324, 3324, 3324
1426, 1426, 1426
2429, 2429, 2429
#, trajectory num :91
3876, 3876, 3876
3864, 3864, 3864
4183, 4183, 4183
444, 444, 444
444, 444, 444
26, 26, 26
325, 325, 325
115, 115, 115
60, 60, 60
59, 59, 59
163, 163, 163
151, 151, 151
144, 144, 144
163, 163, 163
4132, 4132, 4132
5863, 5863, 5863
213, 213, 213
4292, 4292, 4292
5840, 5840, 5840
2674, 2674, 2674
598, 598, 598
#, trajectory num :92
770, 770, 770
3317, 3317, 3317
766, 766, 766
1001, 1001, 1001
4733, 4733, 4733
1021, 1021, 1021
5319, 5319, 5319
1019, 1019, 1019
4049, 4049, 4049
1021, 1021, 1021
1021, 1021, 1021
4433, 4433, 4433
5448, 5448, 5448
4391, 4391, 4391
1746, 1746, 1746
5671, 5671, 5671
766, 766, 766
1582, 1582, 1582
1582, 1582, 1582
5475, 5475, 5475
1227, 1227, 1227
#, trajectory num :93
3358, 3358, 3358
5538, 5538, 5538
5561, 5561, 5561
2548, 2548, 2548
5850, 5850, 5850
5146, 5146, 5146
5146, 5146, 5146
4263, 4263, 4263
4258, 4258, 4258
3267, 3267, 3267
4317, 4317, 4317
5843, 5843, 5843
5850, 5850, 5850
5850, 5850, 5850
3976, 3976, 3976
5085, 5085, 5085
3286, 3286, 3286
3999, 3999, 3999
3360, 3360, 3360
5528, 5528, 5528
3360, 3360, 3360
#, trajectory num :94
3324, 3324, 3324
2429, 2429, 2429
1072, 1072, 1072
2418, 2418, 2418
3120, 3120, 3120
1070, 1070, 1070
1079, 1079, 1079
5781, 5781, 5781
5781, 5781, 5781
2422, 2422, 2422
2421, 2421, 2421
2859, 2859, 2859
2411, 2411, 2411
2422, 2422, 2422
2846, 2846, 2846
2422, 2422, 2422
5197, 5197, 5197
4450, 4450, 4450
3246, 3246, 3246
2140, 2140, 2140
2140, 2140, 2140
#, trajectory num :95
2954, 2954, 2954
3457, 3457, 3457
5947, 5947, 5947
515, 515, 515
1652, 1652, 1652
2094, 2094, 2094
259, 259, 259
2138, 2138, 2138
2108, 2108, 2108
4094, 4094, 4094
4077, 4077, 4077
5359, 5359, 5359
2384, 2384, 2384
2932, 2932, 2932
5078, 5078, 5078
5078, 5078, 5078
2092, 2092, 2092
5755, 5755, 5755
2092, 2092, 2092
5756, 5756, 5756
5538, 5538, 5538
#, trajectory num :96
5684, 5684, 5684
5403, 5403, 5403
326, 326, 326
4255, 4255, 4255
250, 250, 250
250, 250, 250
2290, 2290, 2290
2290, 2290, 2290
2290, 2290, 2290
4270, 4270, 4270
189, 189, 189
4309, 4309, 4309
5022, 5022, 5022
189, 189, 189
5022, 5022, 5022
5022, 5022, 5022
5434, 5434, 5434
2531, 2531, 2531
5822, 5822, 5822
5022, 5022, 5022
5022, 5022, 5022
#, trajectory num :97
3277, 3277, 3277
3277, 3277, 3277
3277, 3277, 3277
3277, 3277, 3277
739, 739, 739
5477, 5477, 5477
6041, 6041, 6041
626, 626, 626
1774, 1774, 1774
1290, 1290, 1290
2674, 2674, 2674
5403, 5403, 5403
4616, 4616, 4616
3868, 3868, 3868
4616, 4616, 4616
1290, 1290, 1290
1290, 1290, 1290
4177, 4177, 4177
5868, 5868, 5868
2553, 2553, 2553
4317, 4317, 4317
#, trajectory num :98
1659, 1659, 1659
3449, 3449, 3449
1761, 1761, 1761
5729, 5729, 5729
1280, 1280, 1280
5083, 5083, 5083
1658, 1658, 1658
739, 739, 739
5082, 5082, 5082
1351, 1351, 1351
3090, 3090, 3090
3084, 3084, 3084
667, 667, 667
3089, 3089, 3089
5705, 5705, 5705
994, 994, 994
5709, 5709, 5709
3150, 3150, 3150
3150, 3150, 3150
1001, 1001, 1001
2915, 2915, 2915
#, trajectory num :99
5866, 5866, 5866
3280, 3280, 3280
645, 645, 645
1651, 1651, 1651
5957, 5957, 5957
5786, 5786, 5786
2417, 2417, 2417
2417, 2417, 2417
5788, 5788, 5788
2422, 2422, 2422
2422, 2422, 2422
2420, 2420, 2420
5909, 5909, 5909
2410, 2410, 2410
5909, 5909, 5909
1850, 1850, 1850
3026, 3026, 3026
4812, 4812, 4812
5822, 5822, 5822
5822, 5822, 5822
5801, 5801, 5801
#, trajectory num :100
4631, 4631, 4631
3619, 3619, 3619
4648, 4648, 4648
3552, 3552, 3552
3375, 3375, 3375
5628, 5628, 5628
4649, 4649, 4649
4649, 4649, 4649
3102, 3102, 3102
528, 528, 528
5991, 5991, 5991
1518, 1518, 1518
2188, 2188, 2188
3479, 3479, 3479
5380, 5380, 5380
1918, 1918, 1918
4484, 4484, 4484
3477, 3477, 3477
3483, 3483, 3483
5382, 5382, 5382
5481, 5481, 5481
#, trajectory num :101
661, 661, 661
1353, 1353, 1353
5837, 5837, 5837
5310, 5310, 5310
6041, 6041, 6041
624, 624, 624
3091, 3091, 3091
6040, 6040, 6040
3091, 3091, 3091
3092, 3092, 3092
629, 629, 629
1146, 1146, 1146
1462, 1462, 1462
1142, 1142, 1142
627, 627, 627
1773, 1773, 1773
1351, 1351, 1351
5477, 5477, 5477
4627, 4627, 4627
3573, 3573, 3573
3281, 3281, 3281
#, trajectory num :102
2429, 2429, 2429
1072, 1072, 1072
5213, 5213, 5213
5790, 5790, 5790
1205, 1205, 1205
839, 839, 839
1730, 1730, 1730
4052, 4052, 4052
5407, 5407, 5407
3120, 3120, 3120
4571, 4571, 4571
3120, 3120, 3120
5211, 5211, 5211
1174, 1174, 1174
5195, 5195, 5195
3935, 3935, 3935
1205, 1205, 1205
5789, 5789, 5789
5789, 5789, 5789
5213, 5213, 5213
5213, 5213, 5213
#, trajectory num :103
3296, 3296, 3296
5621, 5621, 5621
5614, 5614, 5614
4866, 4866, 4866
2259, 2259, 2259
5092, 5092, 5092
2259, 2259, 2259
5359, 5359, 5359
3141, 3141, 3141
4076, 4076, 4076
5313, 5313, 5313
5714, 5714, 5714
5713, 5713, 5713
5714, 5714, 5714
5917, 5917, 5917
4157, 4157, 4157
5997, 5997, 5997
2384, 2384, 2384
5559, 5559, 5559
5559, 5559, 5559
5559, 5559, 5559
#, trajectory num :104
1414, 1414, 1414
5344, 5344, 5344
1354, 1354, 1354
2379, 2379, 2379
1658, 1658, 1658
5477, 5477, 5477
5344, 5344, 5344
5340, 5340, 5340
5344, 5344, 5344
6040, 6040, 6040
5271, 5271, 5271
3044, 3044, 3044
4012, 4012, 4012
4114, 4114, 4114
5340, 5340, 5340
1775, 1775, 1775
768, 768, 768
5675, 5675, 5675
820, 820, 820
5567, 5567, 5567
4134, 4134, 4134
#, trajectory num :105
4017, 4017, 4017
4094, 4094, 4094
4765, 4765, 4765
3197, 3197, 3197
2931, 2931, 2931
3141, 3141, 3141
5506, 5506, 5506
15, 15, 15
5560, 5560, 5560
4294, 4294, 4294
3464, 3464, 3464
5561, 5561, 5561
3464, 3464, 3464
8, 8, 8
15, 15, 15
15, 15, 15
5849, 5849, 5849
5849, 5849, 5849
4294, 4294, 4294
300, 300, 300
2917, 2917, 2917
#, trajectory num :106
5877, 5877, 5877
1799, 1799, 1799
3226, 3226, 3226
4546, 4546, 4546
3226, 3226, 3226
2899, 2899, 2899
3382, 3382, 3382
749, 749, 749
4927, 4927, 4927
2830, 2830, 2830
2830, 2830, 2830
1740, 1740, 1740
5682, 5682, 5682
586, 586, 586
3228, 3228, 3228
3029, 3029, 3029
1030, 1030, 1030
872, 872, 872
3895, 3895, 3895
3257, 3257, 3257
1227, 1227, 1227
#, trajectory num :107
2634, 2634, 2634
5868, 5868, 5868
2553, 2553, 2553
5584, 5584, 5584
5584, 5584, 5584
4263, 4263, 4263
4283, 4283, 4283
2469, 2469, 2469
3312, 3312, 3312
3826, 3826, 3826
2469, 2469, 2469
3352, 3352, 3352
2537, 2537, 2537
4280, 4280, 4280
2507, 2507, 2507
2507, 2507, 2507
2507, 2507, 2507
2507, 2507, 2507
5584, 5584, 5584
5587, 5587, 5587
5852, 5852, 5852
#, trajectory num :108
48, 48, 48
1349, 1349, 1349
1349, 1349, 1349
3124, 3124, 3124
3158, 3158, 3158
3973, 3973, 3973
3726, 3726, 3726
2045, 2045, 2045
2196, 2196, 2196
2196, 2196, 2196
3729, 3729, 3729
2524, 2524, 2524
2492, 2492, 2492
3344, 3344, 3344
3346, 3346, 3346
4268, 4268, 4268
4719, 4719, 4719
3352, 3352, 3352
307, 307, 307
4263, 4263, 4263
2548, 2548, 2548
#, trajectory num :109
2429, 2429, 2429
2417, 2417, 2417
2417, 2417, 2417
5786, 5786, 5786
5610, 5610, 5610
5610, 5610, 5610
1079, 1079, 1079
5438, 5438, 5438
4430, 4430, 4430
5336, 5336, 5336
5610, 5610, 5610
2858, 2858, 2858
3935, 3935, 3935
1201, 1201, 1201
2848, 2848, 2848
5913, 5913, 5913
839, 839, 839
2417, 2417, 2417
5790, 5790, 5790
2426, 2426, 2426
1072, 1072, 1072
#, trajectory num :110
4134, 4134, 4134
5566, 5566, 5566
1426, 1426, 1426
5566, 5566, 5566
5566, 5566, 5566
5566, 5566, 5566
1854, 1854, 1854
3324, 3324, 3324
3254, 3254, 3254
3324, 3324, 3324
4703, 4703, 4703
4409, 4409, 4409
4703, 4703, 4703
1800, 1800, 1800
4710, 4710, 4710
960, 960, 960
963, 963, 963
586, 586, 586
586, 586, 586
3256, 3256, 3256
5475, 5475, 5475
#, trajectory num :111
5560, 5560, 5560
4751, 4751, 4751
5074, 5074, 5074
4751, 4751, 4751
5562, 5562, 5562
5484, 5484, 5484
3479, 3479, 3479
2188, 2188, 2188
3479, 3479, 3479
5484, 5484, 5484
5382, 5382, 5382
5484, 5484, 5484
5481, 5481, 5481
5553, 5553, 5553
5543, 5543, 5543
2162, 2162, 2162
4294, 4294, 4294
5560, 5560, 5560
1093, 1093, 1093
4862, 4862, 4862
4862, 4862, 4862
#, trajectory num :112
5145, 5145, 5145
185, 185, 185
5572, 5572, 5572
3354, 3354, 3354
2419, 2419, 2419
3354, 3354, 3354
5354, 5354, 5354
3354, 3354, 3354
2410, 2410, 2410
5786, 5786, 5786
4293, 4293, 4293
2410, 2410, 2410
2417, 2417, 2417
2415, 2415, 2415
5204, 5204, 5204
5204, 5204, 5204
2859, 2859, 2859
5854, 5854, 5854
5854, 5854, 5854
4239, 4239, 4239
5854, 5854, 5854
#, trajectory num :113
5790, 5790, 5790
3935, 3935, 3935
5612, 5612, 5612
2410, 2410, 2410
5438, 5438, 5438
5438, 5438, 5438
2417, 2417, 2417
2417, 2417, 2417
5562, 5562, 5562
3463, 3463, 3463
3479, 3479, 3479
5623, 5623, 5623
3567, 3567, 3567
5392, 5392, 5392
1929, 1929, 1929
518, 518, 518
4649, 4649, 4649
3472, 3472, 3472
4648, 4648, 4648
3685, 3685, 3685
5962, 5962, 5962
#, trajectory num :114
1695, 1695, 1695
2864, 2864, 2864
4057, 4057, 4057
766, 766, 766
1344, 1344, 1344
1344, 1344, 1344
763, 763, 763
5455, 5455, 5455
5684, 5684, 5684
5684, 5684, 5684
43, 43, 43
43, 43, 43
5520, 5520, 5520
2980, 2980, 2980
5688, 5688, 5688
2980, 2980, 2980
43, 43, 43
3225, 3225, 3225
2261, 2261, 2261
4709, 4709, 4709
5952, 5952, 5952
#, trajectory num :115
1536, 1536, 1536
1094, 1094, 1094
5152, 5152, 5152
5359, 5359, 5359
5828, 5828, 5828
5092, 5092, 5092
3112, 3112, 3112
1690, 1690, 1690
2100, 2100, 2100
2259, 2259, 2259
5363, 5363, 5363
5363, 5363, 5363
5363, 5363, 5363
5363, 5363, 5363
5094, 5094, 5094
4801, 4801, 4801
1691, 1691, 1691
4765, 4765, 4765
5094, 5094, 5094
5528, 5528, 5528
3516, 3516, 3516
#, trajectory num :116
5825, 5825, 5825
4813, 4813, 4813
2097, 2097, 2097
408, 408, 408
408, 408, 408
503, 503, 503
5572, 5572, 5572
408, 408, 408
5871, 5871, 5871
5871, 5871, 5871
5860, 5860, 5860
2106, 2106, 2106
5614, 5614, 5614
5368, 5368, 5368
3895, 3895, 3895
873, 873, 873
484, 484, 484
3257, 3257, 3257
5369, 5369, 5369
3335, 3335, 3335
1695, 1695, 1695
#, trajectory num :117
2638, 2638, 2638
3056, 3056, 3056
3305, 3305, 3305
3267, 3267, 3267
5843, 5843, 5843
3616, 3616, 3616
5702, 5702, 5702
3616, 3616, 3616
5847, 5847, 5847
2553, 2553, 2553
4262, 4262, 4262
4262, 4262, 4262
4262, 4262, 4262
2507, 2507, 2507
4267, 4267, 4267
3310, 3310, 3310
2507, 2507, 2507
2512, 2512, 2512
2507, 2507, 2507
1690, 1690, 1690
2507, 2507, 2507
#, trajectory num :118
5998, 5998, 5998
2960, 2960, 2960
3117, 3117, 3117
5875, 5875, 5875
3097, 3097, 3097
3097, 3097, 3097
574, 574, 574
2864, 2864, 2864
598, 598, 598
4180, 4180, 4180
1072, 1072, 1072
1072, 1072, 1072
2116, 2116, 2116
5200, 5200, 5200
5213, 5213, 5213
3109, 3109, 3109
3246, 3246, 3246
5213, 5213, 5213
5200, 5200, 5200
2859, 2859, 2859
2429, 2429, 2429
#, trajectory num :119
5311, 5311, 5311
972, 972, 972
4880, 4880, 4880
6036, 6036, 6036
3915, 3915, 3915
753, 753, 753
2938, 2938, 2938
2671, 2671, 2671
3315, 3315, 3315
4880, 4880, 4880
4088, 4088, 4088
1373, 1373, 1373
1054, 1054, 1054
3915, 3915, 3915
4738, 4738, 4738
5505, 5505, 5505
1373, 1373, 1373
4739, 4739, 4739
4498, 4498, 4498
647, 647, 647
2938, 2938, 2938
#, trajectory num :120
2507, 2507, 2507
2515, 2515, 2515
4723, 4723, 4723
2470, 2470, 2470
5023, 5023, 5023
4265, 4265, 4265
4272, 4272, 4272
3825, 3825, 3825
4268, 4268, 4268
3824, 3824, 3824
4267, 4267, 4267
3825, 3825, 3825
3826, 3826, 3826
499, 499, 499
3345, 3345, 3345
4715, 4715, 4715
2511, 2511, 2511
4723, 4723, 4723
5579, 5579, 5579
2507, 2507, 2507
2512, 2512, 2512
#, trajectory num :121
5587, 5587, 5587
4263, 4263, 4263
4262, 4262, 4262
5847, 5847, 5847
2507, 2507, 2507
2507, 2507, 2507
2512, 2512, 2512
3729, 3729, 3729
2528, 2528, 2528
2515, 2515, 2515
3724, 3724, 3724
2524, 2524, 2524
2524, 2524, 2524
5743, 5743, 5743
2560, 2560, 2560
3368, 3368, 3368
2130, 2130, 2130
2716, 2716, 2716
1112, 1112, 1112
3367, 3367, 3367
1220, 1220, 1220
#, trajectory num :122
5506, 5506, 5506
5835, 5835, 5835
4762, 4762, 4762
1626, 1626, 1626
1999, 1999, 1999
3987, 3987, 3987
2218, 2218, 2218
2891, 2891, 2891
2217, 2217, 2217
1113, 1113, 1113
1642, 1642, 1642
1644, 1644, 1644
2218, 2218, 2218
5532, 5532, 5532
4341, 4341, 4341
4827, 4827, 4827
3102, 3102, 3102
5484, 5484, 5484
3125, 3125, 3125
4327, 4327, 4327
8, 8, 8
#, trajectory num :123
8, 8, 8
3464, 3464, 3464
4751, 4751, 4751
5562, 5562, 5562
3466, 3466, 3466
5354, 5354, 5354
5564, 5564, 5564
5543, 5543, 5543
5547, 5547, 5547
5560, 5560, 5560
4862, 4862, 4862
5712, 5712, 5712
1243, 1243, 1243
3267, 3267, 3267
5843, 5843, 5843
4317, 4317, 4317
5843, 5843, 5843
5843, 5843, 5843
5843, 5843, 5843
5846, 5846, 5846
261, 261, 261
#, trajectory num :124
5957, 5957, 5957
5854, 5854, 5854
5854, 5854, 5854
8, 8, 8
3314, 3314, 3314
3314, 3314, 3314
3414, 3414, 3414
3684, 3684, 3684
2816, 2816, 2816
4631, 4631, 4631
3766, 3766, 3766
3550, 3550, 3550
3286, 3286, 3286
5528, 5528, 5528
1756, 1756, 1756
5090, 5090, 5090
5090, 5090, 5090
3197, 3197, 3197
2252, 2252, 2252
5507, 5507, 5507
2252, 2252, 2252
#, trajectory num :125
13, 13, 13
2686, 2686, 2686
5554, 5554, 5554
4713, 4713, 4713
5758, 5758, 5758
4128, 4128, 4128
2241, 2241, 2241
5622, 5622, 5622
3556, 3556, 3556
4128, 4128, 4128
4419, 4419, 4419
4420, 4420, 4420
5461, 5461, 5461
3456, 3456, 3456
5461, 5461, 5461
3457, 3457, 3457
515, 515, 515
4365, 4365, 4365
4365, 4365, 4365
2398, 2398, 2398
3278, 3278, 3278
#, trajectory num :126
4709, 4709, 4709
963, 963, 963
2898, 2898, 2898
3228, 3228, 3228
2898, 2898, 2898
3228, 3228, 3228
4546, 4546, 4546
3201, 3201, 3201
1267, 1267, 1267
5288, 5288, 5288
1793, 1793, 1793
3160, 3160, 3160
5886, 5886, 5886
1262, 1262, 1262
1803, 1803, 1803
4781, 4781, 4781
5859, 5859, 5859
1116, 1116, 1116
4704, 4704, 4704
3327, 3327, 3327
1778, 1778, 1778
#, trajectory num :127
1778, 1778, 1778
1778, 1778, 1778
3134, 3134, 3134
3246, 3246, 3246
839, 839, 839
5202, 5202, 5202
4883, 4883, 4883
4886, 4886, 4886
4667, 4667, 4667
874, 874, 874
3226, 3226, 3226
868, 868, 868
6004, 6004, 6004
6004, 6004, 6004
3226, 3226, 3226
872, 872, 872
3255, 3255, 3255
2429, 2429, 2429
2429, 2429, 2429
3246, 3246, 3246
2429, 2429, 2429
#, trajectory num :128
1682, 1682, 1682
3317, 3317, 3317
485, 485, 485
3317, 3317, 3317
3317, 3317, 3317
5952, 5952, 5952
5952, 5952, 5952
5952, 5952, 5952
3317, 3317, 3317
1679, 1679, 1679
3317, 3317, 3317
3297, 3297, 3297
977, 977, 977
837, 837, 837
1584, 1584, 1584
2267, 2267, 2267
5567, 5567, 5567
5567, 5567, 5567
770, 770, 770
3317, 3317, 3317
4732, 4732, 4732
#, trajectory num :129
5394, 5394, 5394
3175, 3175, 3175
3180, 3180, 3180
2092, 2092, 2092
2245, 2245, 2245
3102, 3102, 3102
4649, 4649, 4649
4634, 4634, 4634
5628, 5628, 5628
4864, 4864, 4864
3010, 3010, 3010
4649, 4649, 4649
3105, 3105, 3105
3685, 3685, 3685
3105, 3105, 3105
5383, 5383, 5383
5354, 5354, 5354
4811, 4811, 4811
611, 611, 611
5561, 5561, 5561
5506, 5506, 5506
#, trajectory num :130
5852, 5852, 5852
4263, 4263, 4263
5843, 5843, 5843
4198, 4198, 4198
4262, 4262, 4262
2623, 2623, 2623
2307, 2307, 2307
4173, 4173, 4173
2276, 2276, 2276
4467, 4467, 4467
2623, 2623, 2623
3854, 3854, 3854
3854, 3854, 3854
3784, 3784, 3784
2553, 2553, 2553
3308, 3308, 3308
3308, 3308, 3308
1290, 1290, 1290
3308, 3308, 3308
5868, 5868, 5868
5840, 5840, 5840
#, trajectory num :131
848, 848, 848
5605, 5605, 5605
1612, 1612, 1612
3323, 3323, 3323
1778, 1778, 1778
1778, 1778, 1778
2429, 2429, 2429
2429, 2429, 2429
2429, 2429, 2429
1854, 1854, 1854
5566, 5566, 5566
2429, 2429, 2429
2429, 2429, 2429
5294, 5294, 5294
1785, 1785, 1785
2846, 2846, 2846
1612, 1612, 1612
842, 842, 842
1785, 1785, 1785
1205, 1205, 1205
2429, 2429, 2429
#, trajectory num :132
6019, 6019, 6019
5338, 5338, 5338
5338, 5338, 5338
2256, 2256, 2256
2531, 2531, 2531
189, 189, 189
4309, 4309, 4309
2539, 2539, 2539
498, 498, 498
498, 498, 498
2470, 2470, 2470
4287, 4287, 4287
217, 217, 217
4169, 4169, 4169
4470, 4470, 4470
3855, 3855, 3855
3855, 3855, 3855
4473, 4473, 4473
4258, 4258, 4258
2623, 2623, 2623
3850, 3850, 3850
#, trajectory num :133
3685, 3685, 3685
3416, 3416, 3416
4649, 4649, 4649
5354, 5354, 5354
4649, 4649, 4649
1968, 1968, 1968
5991, 5991, 5991
3472, 3472, 3472
1519, 1519, 1519
2181, 2181, 2181
5252, 5252, 5252
2243, 2243, 2243
5243, 5243, 5243
3180, 3180, 3180
5760, 5760, 5760
4964, 4964, 4964
3479, 3479, 3479
5251, 5251, 5251
3601, 3601, 3601
5753, 5753, 5753
3466, 3466, 3466
#, trajectory num :134
4263, 4263, 4263
4263, 4263, 4263
2284, 2284, 2284
4475, 4475, 4475
4286, 4286, 4286
319, 319, 319
4257, 4257, 4257
2754, 2754, 2754
4255, 4255, 4255
2763, 2763, 2763
4285, 4285, 4285
2763, 2763, 2763
2290, 2290, 2290
2763, 2763, 2763
4474, 4474, 4474
2619, 2619, 2619
304, 304, 304
2280, 2280, 2280
2280, 2280, 2280
3853, 3853, 3853
4242, 4242, 4242
#, trajectory num :135
1072, 1072, 1072
3694, 3694, 3694
2140, 2140, 2140
2410, 2410, 2410
5913, 5913, 5913
2425, 2425, 2425
2817, 2817, 2817
6020, 6020, 6020
1726, 1726, 1726
5986, 5986, 5986
1726, 1726, 1726
5983, 5983, 5983
5986, 5986, 5986
1728, 1728, 1728
4812, 4812, 4812
2410, 2410, 2410
4866, 4866, 4866
5211, 5211, 5211
1612, 1612, 1612
2425, 2425, 2425
4866, 4866, 4866
#, trajectory num :136
3246, 3246, 3246
5790, 5790, 5790
2859, 2859, 2859
2417, 2417, 2417
2417, 2417, 2417
2417, 2417, 2417
5790, 5790, 5790
5790, 5790, 5790
1205, 1205, 1205
5200, 5200, 5200
5790, 5790, 5790
1612, 1612, 1612
5292, 5292, 5292
1784, 1784, 1784
3138, 3138, 3138
5300, 5300, 5300
4888, 4888, 4888
5738, 5738, 5738
5859, 5859, 5859
4409, 4409, 4409
2429, 2429, 2429
#, trajectory num :137
3257, 3257, 3257
960, 960, 960
569, 569, 569
3276, 3276, 3276
787, 787, 787
1733, 1733, 1733
586, 586, 586
1742, 1742, 1742
5174, 5174, 5174
5684, 5684, 5684
5684, 5684, 5684
1191, 1191, 1191
4048, 4048, 4048
4048, 4048, 4048
4047, 4047, 4047
3449, 3449, 3449
4733, 4733, 4733
4047, 4047, 4047
4047, 4047, 4047
5455, 5455, 5455
5684, 5684, 5684
#, trajectory num :138
2251, 2251, 2251
4419, 4419, 4419
4755, 4755, 4755
4324, 4324, 4324
5756, 5756, 5756
4751, 4751, 4751
4128, 4128, 4128
5074, 5074, 5074
5078, 5078, 5078
831, 831, 831
5790, 5790, 5790
1856, 1856, 1856
1856, 1856, 1856
1778, 1778, 1778
3247, 3247, 3247
5935, 5935, 5935
1785, 1785, 1785
5202, 5202, 5202
5202, 5202, 5202
2859, 2859, 2859
3246, 3246, 3246
#, trajectory num :139
259, 259, 259
5561, 5561, 5561
2547, 2547, 2547
5868, 5868, 5868
3869, 3869, 3869
3868, 3868, 3868
3868, 3868, 3868
1850, 1850, 1850
3919, 3919, 3919
3919, 3919, 3919
1850, 1850, 1850
1850, 1850, 1850
3919, 3919, 3919
3919, 3919, 3919
1850, 1850, 1850
1850, 1850, 1850
5305, 5305, 5305
5204, 5204, 5204
4051, 4051, 4051
2415, 2415, 2415
2410, 2410, 2410
#, trajectory num :140
4709, 4709, 4709
2959, 2959, 2959
3276, 3276, 3276
586, 586, 586
583, 583, 583
5520, 5520, 5520
4381, 4381, 4381
484, 484, 484
484, 484, 484
3997, 3997, 3997
766, 766, 766
3451, 3451, 3451
4732, 4732, 4732
767, 767, 767
3001, 3001, 3001
3001, 3001, 3001
3898, 3898, 3898
5344, 5344, 5344
3090, 3090, 3090
1775, 1775, 1775
5507, 5507, 5507
#, trajectory num :141
5089, 5089, 5089
3358, 3358, 3358
2512, 2512, 2512
2512, 2512, 2512
3312, 3312, 3312
4309, 4309, 4309
4723, 4723, 4723
5577, 5577, 5577
5577, 5577, 5577
5022, 5022, 5022
5022, 5022, 5022
5585, 5585, 5585
5850, 5850, 5850
5585, 5585, 5585
5146, 5146, 5146
5016, 5016, 5016
3354, 3354, 3354
5963, 5963, 5963
2558, 2558, 2558
378, 378, 378
4649, 4649, 4649
#, trajectory num :142
5475, 5475, 5475
1191, 1191, 1191
5952, 5952, 5952
5952, 5952, 5952
4047, 4047, 4047
4047, 4047, 4047
5952, 5952, 5952
802, 802, 802
5952, 5952, 5952
5952, 5952, 5952
1227, 1227, 1227
1682, 1682, 1682
5952, 5952, 5952
1584, 1584, 1584
4705, 4705, 4705
4409, 4409, 4409
4892, 4892, 4892
1058, 1058, 1058
3722, 3722, 3722
1058, 1058, 1058
5856, 5856, 5856
#, trajectory num :143
3197, 3197, 3197
3125, 3125, 3125
5509, 5509, 5509
4751, 4751, 4751
2162, 2162, 2162
5074, 5074, 5074
5074, 5074, 5074
4324, 4324, 4324
3314, 3314, 3314
3314, 3314, 3314
4751, 4751, 4751
4755, 4755, 4755
11, 11, 11
3197, 3197, 3197
5090, 5090, 5090
3141, 3141, 3141
5850, 5850, 5850
5359, 5359, 5359
4077, 4077, 4077
5359, 5359, 5359
5565, 5565, 5565
#, trajectory num :144
3317, 3317, 3317
833, 833, 833
1227, 1227, 1227
1682, 1682, 1682
1227, 1227, 1227
583, 583, 583
583, 583, 583
583, 583, 583
3228, 3228, 3228
1799, 1799, 1799
3136, 3136, 3136
4709, 4709, 4709
1796, 1796, 1796
3327, 3327, 3327
4016, 4016, 4016
1123, 1123, 1123
1123, 1123, 1123
993, 993, 993
4412, 4412, 4412
5935, 5935, 5935
4451, 4451, 4451
#, trajectory num :145
5854, 5854, 5854
5854, 5854, 5854
215, 215, 215
185, 185, 185
5150, 5150, 5150
5150, 5150, 5150
5847, 5847, 5847
5847, 5847, 5847
5584, 5584, 5584
5584, 5584, 5584
5584, 5584, 5584
5584, 5584, 5584
5847, 5847, 5847
1488, 1488, 1488
5852, 5852, 5852
1510, 1510, 1510
1494, 1494, 1494
2926, 2926, 2926
1241, 1241, 1241
1086, 1086, 1086
2924, 2924, 2924
#, trajectory num :146
5566, 5566, 5566
3324, 3324, 3324
3254, 3254, 3254
837, 837, 837
5480, 5480, 5480
3324, 3324, 3324
3324, 3324, 3324
837, 837, 837
3324, 3324, 3324
825, 825, 825
837, 837, 837
1426, 1426, 1426
5566, 5566, 5566
3501, 3501, 3501
4134, 4134, 4134
5957, 5957, 5957
2429, 2429, 2429
2417, 2417, 2417
3109, 3109, 3109
2422, 2422, 2422
2429, 2429, 2429
#, trajectory num :147
5846, 5846, 5846
5846, 5846, 5846
5846, 5846, 5846
3850, 3850, 3850
3266, 3266, 3266
5846, 5846, 5846
5705, 5705, 5705
3266, 3266, 3266
5845, 5845, 5845
3266, 3266, 3266
5846, 5846, 5846
5846, 5846, 5846
4402, 4402, 4402
261, 261, 261
3616, 3616, 3616
261, 261, 261
3305, 3305, 3305
5846, 5846, 5846
1482, 1482, 1482
1382, 1382, 1382
5712, 5712, 5712
#, trajectory num :148
1349, 1349, 1349
5002, 5002, 5002
4984, 4984, 4984
2678, 2678, 2678
383, 383, 383
4341, 4341, 4341
373, 373, 373
373, 373, 373
220, 220, 220
5579, 5579, 5579
5577, 5577, 5577
5577, 5577, 5577
3312, 3312, 3312
2512, 2512, 2512
3826, 3826, 3826
4280, 4280, 4280
4283, 4283, 4283
4263, 4263, 4263
4263, 4263, 4263
4263, 4263, 4263
5850, 5850, 5850
#, trajectory num :149
4450, 4450, 4450
4450, 4450, 4450
4885, 4885, 4885
5738, 5738, 5738
4956, 4956, 4956
2899, 2899, 2899
806, 806, 806
4546, 4546, 4546
1799, 1799, 1799
4546, 4546, 4546
4779, 4779, 4779
5859, 5859, 5859
1116, 1116, 1116
2263, 2263, 2263
5859, 5859, 5859
3132, 3132, 3132
1859, 1859, 1859
5856, 5856, 5856
4680, 4680, 4680
41, 41, 41
484, 484, 484
#, trajectory num :150
3695, 3695, 3695
1690, 1690, 1690
1690, 1690, 1690
2512, 2512, 2512
2512, 2512, 2512
2213, 2213, 2213
2528, 2528, 2528
2511, 2511, 2511
2528, 2528, 2528
4266, 4266, 4266
4723, 4723, 4723
2471, 2471, 2471
3345, 3345, 3345
2515, 2515, 2515
3826, 3826, 3826
3310, 3310, 3310
3310, 3310, 3310
3312, 3312, 3312
4457, 4457, 4457
5581, 5581, 5581
5576, 5576, 5576
#, trajectory num :151
4095, 4095, 4095
5825, 5825, 5825
5877, 5877, 5877
2507, 2507, 2507
3157, 3157, 3157
2213, 2213, 2213
1113, 1113, 1113
3977, 3977, 3977
1696, 1696, 1696
2581, 2581, 2581
2238, 2238, 2238
5572, 5572, 5572
2512, 2512, 2512
5577, 5577, 5577
2255, 2255, 2255
2255, 2255, 2255
6019, 6019, 6019
3026, 3026, 3026
5338, 5338, 5338
2410, 2410, 2410
186, 186, 186
#, trajectory num :152
833, 833, 833
833, 833, 833
833, 833, 833
819, 819, 819
830, 830, 830
4991, 4991, 4991
979, 979, 979
3335, 3335, 3335
1854, 1854, 1854
41, 41, 41
1681, 1681, 1681
4703, 4703, 4703
4703, 4703, 4703
3257, 3257, 3257
1227, 1227, 1227
5856, 5856, 5856
1799, 1799, 1799
4546, 4546, 4546
872, 872, 872
873, 873, 873
1119, 1119, 1119
#, trajectory num :153
3317, 3317, 3317
766, 766, 766
3317, 3317, 3317
5955, 5955, 5955
5952, 5952, 5952
5952, 5952, 5952
3251, 3251, 3251
802, 802, 802
2898, 2898, 2898
3251, 3251, 3251
2262, 2262, 2262
3228, 3228, 3228
583, 583, 583
1060, 1060, 1060
963, 963, 963
41, 41, 41
1682, 1682, 1682
3317, 3317, 3317
1682, 1682, 1682
830, 830, 830
770, 770, 770
#, trajectory num :154
2096, 2096, 2096
2140, 2140, 2140
2417, 2417, 2417
2411, 2411, 2411
2411, 2411, 2411
3935, 3935, 3935
2861, 2861, 2861
1730, 1730, 1730
5781, 5781, 5781
5610, 5610, 5610
1079, 1079, 1079
1851, 1851, 1851
1071, 1071, 1071
1850, 1850, 1850
2410, 2410, 2410
2120, 2120, 2120
6018, 6018, 6018
2413, 2413, 2413
2410, 2410, 2410
2410, 2410, 2410
2140, 2140, 2140
#, trajectory num :155
3246, 3246, 3246
2417, 2417, 2417
5200, 5200, 5200
5200, 5200, 5200
5661, 5661, 5661
3109, 3109, 3109
839, 839, 839
5909, 5909, 5909
5204, 5204, 5204
3026, 3026, 3026
3026, 3026, 3026
1728, 1728, 1728
2819, 2819, 2819
2118, 2118, 2118
4818, 4818, 4818
4818, 4818, 4818
5338, 5338, 5338
2122, 2122, 2122
5338, 5338, 5338
4263, 4263, 4263
2117, 2117, 2117
#, trajectory num :156
5952, 5952, 5952
5952, 5952, 5952
485, 485, 485
5174, 5174, 5174
1736, 1736, 1736
687, 687, 687
781, 781, 781
3994, 3994, 3994
4355, 4355, 4355
1739, 1739, 1739
5952, 5952, 5952
2898, 2898, 2898
3256, 3256, 3256
4892, 4892, 4892
1682, 1682, 1682
2066, 2066, 2066
2070, 2070, 2070
983, 983, 983
983, 983, 983
3324, 3324, 3324
1856, 1856, 1856
#, trajectory num :157
5818, 5818, 5818
878, 878, 878
2987, 2987, 2987
561, 561, 561
3225, 3225, 3225
4373, 4373, 4373
3225, 3225, 3225
5176, 5176, 5176
2942, 2942, 2942
5459, 5459, 5459
5459, 5459, 5459
3264, 3264, 3264
3509, 3509, 3509
2106, 2106, 2106
2273, 2273, 2273
5860, 5860, 5860
2274, 2274, 2274
5871, 5871, 5871
5871, 5871, 5871
5871, 5871, 5871
5825, 5825, 5825
#, trajectory num :158
830, 830, 830
3324, 3324, 3324
3324, 3324, 3324
837, 837, 837
837, 837, 837
977, 977, 977
3324, 3324, 3324
1695, 1695, 1695
1695, 1695, 1695
5311, 5311, 5311
2864, 2864, 2864
5341, 5341, 5341
664, 664, 664
4151, 4151, 4151
5998, 5998, 5998
6002, 6002, 6002
893, 893, 893
4057, 4057, 4057
3277, 3277, 3277
1695, 1695, 1695
833, 833, 833
#, trajectory num :159
1854, 1854, 1854
3246, 3246, 3246
5790, 5790, 5790
3246, 3246, 3246
5200, 5200, 5200
1205, 1205, 1205
5206, 5206, 5206
5204, 5204, 5204
5610, 5610, 5610
5211, 5211, 5211
5610, 5610, 5610
5438, 5438, 5438
2417, 2417, 2417
2417, 2417, 2417
1730, 1730, 1730
2417, 2417, 2417
2417, 2417, 2417
2417, 2417, 2417
5200, 5200, 5200
3246, 3246, 3246
2421, 2421, 2421
#, trajectory num :160
2251, 2251, 2251
649, 649, 649
649, 649, 649
890, 890, 890
3278, 3278, 3278
885, 885, 885
888, 888, 888
1569, 1569, 1569
885, 885, 885
4365, 4365, 4365
1569, 1569, 1569
632, 632, 632
2997, 2997, 2997
2997, 2997, 2997
632, 632, 632
2997, 2997, 2997
2997, 2997, 2997
1698, 1698, 1698
1667, 1667, 1667
3009, 3009, 3009
4764, 4764, 4764
#, trajectory num :161
8, 8, 8
11, 11, 11
2966, 2966, 2966
3634, 3634, 3634
4128, 4128, 4128
4128, 4128, 4128
4128, 4128, 4128
5747, 5747, 5747
4128, 4128, 4128
5622, 5622, 5622
5124, 5124, 5124
5933, 5933, 5933
1973, 1973, 1973
3656, 3656, 3656
5897, 5897, 5897
4831, 4831, 4831
2984, 2984, 2984
3569, 3569, 3569
118, 118, 118
2436, 2436, 2436
5538, 5538, 5538
#, trajectory num :162
3864, 3864, 3864
137, 137, 137
162, 162, 162
2294, 2294, 2294
58, 58, 58
99, 99, 99
3801, 3801, 3801
116, 116, 116
3348, 3348, 3348
377, 377, 377
128, 128, 128
4982, 4982, 4982
4984, 4984, 4984
5379, 5379, 5379
2188, 2188, 2188
5622, 5622, 5622
3718, 3718, 3718
118, 118, 118
3179, 3179, 3179
4751, 4751, 4751
4128, 4128, 4128
#, trajectory num :163
4239, 4239, 4239
5861, 5861, 5861
5861, 5861, 5861
2678, 2678, 2678
5861, 5861, 5861
2678, 2678, 2678
2678, 2678, 2678
2678, 2678, 2678
151, 151, 151
2678, 2678, 2678
4292, 4292, 4292
4239, 4239, 4239
3801, 3801, 3801
2352, 2352, 2352
2352, 2352, 2352
2352, 2352, 2352
13, 13, 13
2352, 2352, 2352
13, 13, 13
13, 13, 13
5547, 5547, 5547
#, trajectory num :164
4421, 4421, 4421
4421, 4421, 4421
2252, 2252, 2252
3280, 3280, 3280
4419, 4419, 4419
3657, 3657, 3657
4762, 4762, 4762
1981, 1981, 1981
3974, 3974, 3974
4803, 4803, 4803
4279, 4279, 4279
5023, 5023, 5023
4279, 4279, 4279
4263, 4263, 4263
4280, 4280, 4280
4263, 4263, 4263
5584, 5584, 5584
3267, 3267, 3267
5843, 5843, 5843
5849, 5849, 5849
3784, 3784, 3784
#, trajectory num :165
4703, 4703, 4703
41, 41, 41
1799, 1799, 1799
959, 959, 959
960, 960, 960
3228, 3228, 3228
4548, 4548, 4548
802, 802, 802
1227, 1227, 1227
802, 802, 802
5856, 5856, 5856
4016, 4016, 4016
3257, 3257, 3257
4709, 4709, 4709
4707, 4707, 4707
583, 583, 583
787, 787, 787
582, 582, 582
2987, 2987, 2987
563, 563, 563
2989, 2989, 2989
#, trajectory num :166
3869, 3869, 3869
2117, 2117, 2117
5957, 5957, 5957
2859, 2859, 2859
2415, 2415, 2415
2859, 2859, 2859
2415, 2415, 2415
2859, 2859, 2859
2859, 2859, 2859
2859, 2859, 2859
2859, 2859, 2859
5790, 5790, 5790
5213, 5213, 5213
2859, 2859, 2859
2859, 2859, 2859
2859, 2859, 2859
3255, 3255, 3255
3255, 3255, 3255
3133, 3133, 3133
3133, 3133, 3133
4680, 4680, 4680
#, trajectory num :167
4648, 4648, 4648
3098, 3098, 3098
5256, 5256, 5256
2188, 2188, 2188
3437, 3437, 3437
1905, 1905, 1905
2188, 2188, 2188
3600, 3600, 3600
3600, 3600, 3600
1905, 1905, 1905
1905, 1905, 1905
5045, 5045, 5045
2189, 2189, 2189
3482, 3482, 3482
4984, 4984, 4984
122, 122, 122
5382, 5382, 5382
3479, 3479, 3479
1935, 1935, 1935
3601, 3601, 3601
5484, 5484, 5484
#, trajectory num :168
3255, 3255, 3255
1854, 1854, 1854
1860, 1860, 1860
1778, 1778, 1778
3247, 3247, 3247
1799, 1799, 1799
1802, 1802, 1802
4410, 4410, 4410
993, 993, 993
990, 990, 990
993, 993, 993
993, 993, 993
3250, 3250, 3250
1614, 1614, 1614
1783, 1783, 1783
1777, 1777, 1777
2843, 2843, 2843
1205, 1205, 1205
5294, 5294, 5294
5790, 5790, 5790
5790, 5790, 5790
#, trajectory num :169
5559, 5559, 5559
2932, 2932, 2932
5560, 5560, 5560
2932, 2932, 2932
2932, 2932, 2932
3657, 3657, 3657
5509, 5509, 5509
4751, 4751, 4751
1815, 1815, 1815
2241, 2241, 2241
4129, 4129, 4129
4129, 4129, 4129
16, 16, 16
16, 16, 16
5481, 5481, 5481
4810, 4810, 4810
5552, 5552, 5552
5552, 5552, 5552
3601, 3601, 3601
5256, 5256, 5256
2162, 2162, 2162
#, trajectory num :170
2429, 2429, 2429
2429, 2429, 2429
2429, 2429, 2429
2429, 2429, 2429
2429, 2429, 2429
5790, 5790, 5790
1854, 1854, 1854
2859, 2859, 2859
5666, 5666, 5666
3246, 3246, 3246
5859, 5859, 5859
3694, 3694, 3694
882, 882, 882
883, 883, 883
885, 885, 885
4152, 4152, 4152
461, 461, 461
5987, 5987, 5987
646, 646, 646
2403, 2403, 2403
972, 972, 972
#, trajectory num :171
1072, 1072, 1072
2859, 2859, 2859
5789, 5789, 5789
3120, 3120, 3120
3120, 3120, 3120
1730, 1730, 1730
5786, 5786, 5786
5790, 5790, 5790
3246, 3246, 3246
3249, 3249, 3249
1114, 1114, 1114
4411, 4411, 4411
993, 993, 993
5300, 5300, 5300
4546, 4546, 4546
4546, 4546, 4546
728, 728, 728
4709, 4709, 4709
3895, 3895, 3895
4546, 4546, 4546
1796, 1796, 1796
#, trajectory num :172
3277, 3277, 3277
5565, 5565, 5565
1695, 1695, 1695
1695, 1695, 1695
4048, 4048, 4048
5455, 5455, 5455
1748, 1748, 1748
3996, 3996, 3996
5447, 5447, 5447
1322, 1322, 1322
5670, 5670, 5670
1811, 1811, 1811
1241, 1241, 1241
4131, 4131, 4131
1228, 1228, 1228
1090, 1090, 1090
815, 815, 815
819, 819, 819
831, 831, 831
1854, 1854, 1854
3324, 3324, 3324
#, trajectory num :173
2116, 2116, 2116
5576, 5576, 5576
5585, 5585, 5585
2255, 2255, 2255
185, 185, 185
5585, 5585, 5585
5147, 5147, 5147
5020, 5020, 5020
185, 185, 185
5338, 5338, 5338
5338, 5338, 5338
6024, 6024, 6024
5576, 5576, 5576
185, 185, 185
185, 185, 185
186, 186, 186
5145, 5145, 5145
2429, 2429, 2429
5591, 5591, 5591
5854, 5854, 5854
5591, 5591, 5591
#, trajectory num :174
1202, 1202, 1202
2846, 2846, 2846
1781, 1781, 1781
3250, 3250, 3250
3330, 3330, 3330
3330, 3330, 3330
1205, 1205, 1205
5202, 5202, 5202
4536, 4536, 4536
32, 32, 32
1785, 1785, 1785
2843, 2843, 2843
839, 839, 839
5438, 5438, 5438
2417, 2417, 2417
2140, 2140, 2140
2096, 2096, 2096
5266, 5266, 5266
3694, 3694, 3694
5614, 5614, 5614
3694, 3694, 3694
#, trajectory num :175
1089, 1089, 1089
5954, 5954, 5954
484, 484, 484
873, 873, 873
484, 484, 484
873, 873, 873
586, 586, 586
868, 868, 868
1026, 1026, 1026
586, 586, 586
1060, 1060, 1060
5289, 5289, 5289
1060, 1060, 1060
477, 477, 477
5886, 5886, 5886
4410, 4410, 4410
3332, 3332, 3332
5514, 5514, 5514
4780, 4780, 4780
2906, 2906, 2906
2908, 2908, 2908
#, trajectory num :176
2092, 2092, 2092
48, 48, 48
3719, 3719, 3719
3685, 3685, 3685
3375, 3375, 3375
2866, 2866, 2866
4019, 4019, 4019
4019, 4019, 4019
2218, 2218, 2218
3367, 3367, 3367
3360, 3360, 3360
3367, 3367, 3367
2218, 2218, 2218
1642, 1642, 1642
3367, 3367, 3367
3212, 3212, 3212
2204, 2204, 2204
3428, 3428, 3428
5764, 5764, 5764
4531, 4531, 4531
4633, 4633, 4633
#, trajectory num :177
2859, 2859, 2859
1072, 1072, 1072
2429, 2429, 2429
2429, 2429, 2429
2429, 2429, 2429
1854, 1854, 1854
2429, 2429, 2429
825, 825, 825
830, 830, 830
2924, 2924, 2924
5152, 5152, 5152
5152, 5152, 5152
1001, 1001, 1001
1414, 1414, 1414
1001, 1001, 1001
3084, 3084, 3084
994, 994, 994
1747, 1747, 1747
3370, 3370, 3370
3001, 3001, 3001
3371, 3371, 3371
#, trajectory num :178
5859, 5859, 5859
5300, 5300, 5300
4669, 4669, 4669
993, 993, 993
5300, 5300, 5300
993, 993, 993
4882, 4882, 4882
2840, 2840, 2840
3107, 3107, 3107
2735, 2735, 2735
5661, 5661, 5661
5909, 5909, 5909
4570, 4570, 4570
2417, 2417, 2417
4571, 4571, 4571
4570, 4570, 4570
2735, 2735, 2735
2846, 2846, 2846
5197, 5197, 5197
4883, 4883, 4883
5943, 5943, 5943
#, trajectory num :179
4365, 4365, 4365
887, 887, 887
1569, 1569, 1569
1569, 1569, 1569
2398, 2398, 2398
2398, 2398, 2398
190, 190, 190
190, 190, 190
5022, 5022, 5022
5022, 5022, 5022
5434, 5434, 5434
2119, 2119, 2119
5338, 5338, 5338
5338, 5338, 5338
5338, 5338, 5338
5338, 5338, 5338
5338, 5338, 5338
5338, 5338, 5338
3868, 3868, 3868
5854, 5854, 5854
5854, 5854, 5854
#, trajectory num :180
5506, 5506, 5506
1756, 1756, 1756
5533, 5533, 5533
4565, 4565, 4565
3375, 3375, 3375
3124, 3124, 3124
1642, 1642, 1642
2218, 2218, 2218
4856, 4856, 4856
2217, 2217, 2217
2715, 2715, 2715
2236, 2236, 2236
2211, 2211, 2211
4856, 4856, 4856
3826, 3826, 3826
2236, 2236, 2236
5022, 5022, 5022
4277, 4277, 4277
5577, 5577, 5577
192, 192, 192
2575, 2575, 2575
#, trajectory num :181
3866, 3866, 3866
215, 215, 215
3869, 3869, 3869
3866, 3866, 3866
5840, 5840, 5840
4294, 4294, 4294
4294, 4294, 4294
5566, 5566, 5566
3858, 3858, 3858
5587, 5587, 5587
5360, 5360, 5360
2259, 2259, 2259
5430, 5430, 5430
5430, 5430, 5430
762, 762, 762
3115, 3115, 3115
689, 689, 689
4154, 4154, 4154
5684, 5684, 5684
5430, 5430, 5430
4091, 4091, 4091
#, trajectory num :182
839, 839, 839
2421, 2421, 2421
3121, 3121, 3121
5913, 5913, 5913
3121, 3121, 3121
5303, 5303, 5303
1074, 1074, 1074
4038, 4038, 4038
1211, 1211, 1211
2858, 2858, 2858
2858, 2858, 2858
4051, 4051, 4051
1079, 1079, 1079
5788, 5788, 5788
5335, 5335, 5335
5781, 5781, 5781
5292, 5292, 5292
3120, 3120, 3120
1070, 1070, 1070
1070, 1070, 1070
2415, 2415, 2415
#, trajectory num :183
2644, 2644, 2644
3089, 3089, 3089
1863, 1863, 1863
3051, 3051, 3051
4731, 4731, 4731
3059, 3059, 3059
4433, 4433, 4433
3751, 3751, 3751
1864, 1864, 1864
4388, 4388, 4388
2635, 2635, 2635
1520, 1520, 1520
3051, 3051, 3051
3090, 3090, 3090
3089, 3089, 3089
1411, 1411, 1411
5082, 5082, 5082
3602, 3602, 3602
1149, 1149, 1149
5477, 5477, 5477
1303, 1303, 1303
#, trajectory num :184
833, 833, 833
2429, 2429, 2429
1860, 1860, 1860
1854, 1854, 1854
1856, 1856, 1856
3255, 3255, 3255
1854, 1854, 1854
831, 831, 831
2429, 2429, 2429
1856, 1856, 1856
2429, 2429, 2429
5145, 5145, 5145
4077, 4077, 4077
4862, 4862, 4862
4862, 4862, 4862
4859, 4859, 4859
4862, 4862, 4862
3984, 3984, 3984
5152, 5152, 5152
2384, 2384, 2384
830, 830, 830
#, trajectory num :185
5850, 5850, 5850
5850, 5850, 5850
2117, 2117, 2117
2255, 2255, 2255
5580, 5580, 5580
5581, 5581, 5581
5149, 5149, 5149
5149, 5149, 5149
3413, 3413, 3413
3464, 3464, 3464
2932, 2932, 2932
5090, 5090, 5090
2931, 2931, 2931
4565, 4565, 4565
1350, 1350, 1350
50, 50, 50
1624, 1624, 1624
2870, 2870, 2870
1981, 1981, 1981
1007, 1007, 1007
1770, 1770, 1770
