#, trajectory num :0
5786, 5786, 5786
5204, 5204, 5204
5786, 5786, 5786
5204, 5204, 5204
1850, 1850, 1850
5788, 5788, 5788
2410, 2410, 2410
2410, 2410, 2410
3868, 3868, 3868
4212, 4212, 4212
213, 213, 213
4212, 4212, 4212
3266, 3266, 3266
63, 63, 63
5846, 5846, 5846
3854, 3854, 3854
5726, 5726, 5726
63, 63, 63
4242, 4242, 4242
3269, 3269, 3269
261, 261, 261
3869, 3869, 3869
#, trajectory num :1
5459, 5459, 5459
1587, 1587, 1587
3581, 3581, 3581
1733, 1733, 1733
2987, 2987, 2987
5521, 5521, 5521
1285, 1285, 1285
5682, 5682, 5682
2989, 2989, 2989
563, 563, 563
2987, 2987, 2987
787, 787, 787
5175, 5175, 5175
586, 586, 586
4548, 4548, 4548
5953, 5953, 5953
959, 959, 959
4548, 4548, 4548
4892, 4892, 4892
1123, 1123, 1123
1114, 1114, 1114
3254, 3254, 3254
#, trajectory num :2
2417, 2417, 2417
5294, 5294, 5294
1201, 1201, 1201
5212, 5212, 5212
5294, 5294, 5294
1612, 1612, 1612
2855, 2855, 2855
5300, 5300, 5300
3139, 3139, 3139
1126, 1126, 1126
1115, 1115, 1115
4410, 4410, 4410
4413, 4413, 4413
5738, 5738, 5738
4768, 4768, 4768
5300, 5300, 5300
4772, 4772, 4772
1805, 1805, 1805
1802, 1802, 1802
4779, 4779, 4779
5859, 5859, 5859
4888, 4888, 4888
#, trajectory num :3
4258, 4258, 4258
4258, 4258, 4258
4210, 4210, 4210
3239, 3239, 3239
2753, 2753, 2753
2285, 2285, 2285
4282, 4282, 4282
2290, 2290, 2290
2281, 2281, 2281
4288, 4288, 4288
2283, 2283, 2283
311, 311, 311
2281, 2281, 2281
2538, 2538, 2538
2283, 2283, 2283
2283, 2283, 2283
4278, 4278, 4278
4169, 4169, 4169
4169, 4169, 4169
3352, 3352, 3352
2512, 2512, 2512
1690, 1690, 1690
#, trajectory num :4
2242, 2242, 2242
3569, 3569, 3569
3177, 3177, 3177
4304, 4304, 4304
3643, 3643, 3643
3745, 3745, 3745
951, 951, 951
1943, 1943, 1943
3206, 3206, 3206
5897, 5897, 5897
3077, 3077, 3077
4652, 4652, 4652
3674, 3674, 3674
3757, 3757, 3757
4830, 4830, 4830
4933, 4933, 4933
4823, 4823, 4823
3682, 3682, 3682
2982, 2982, 2982
2983, 2983, 2983
3567, 3567, 3567
1871, 1871, 1871
#, trajectory num :5
5668, 5668, 5668
4140, 4140, 4140
1775, 1775, 1775
627, 627, 627
5477, 5477, 5477
5308, 5308, 5308
661, 661, 661
2885, 2885, 2885
5451, 5451, 5451
5998, 5998, 5998
4151, 4151, 4151
4150, 4150, 4150
4151, 4151, 4151
6001, 6001, 6001
6003, 6003, 6003
661, 661, 661
661, 661, 661
740, 740, 740
5387, 5387, 5387
627, 627, 627
910, 910, 910
2093, 2093, 2093
#, trajectory num :6
4149, 4149, 4149
6003, 6003, 6003
882, 882, 882
4151, 4151, 4151
4149, 4149, 4149
1759, 1759, 1759
2882, 2882, 2882
4102, 4102, 4102
5840, 5840, 5840
5840, 5840, 5840
5845, 5845, 5845
5864, 5864, 5864
3869, 3869, 3869
4180, 4180, 4180
3869, 3869, 3869
3266, 3266, 3266
5846, 5846, 5846
5846, 5846, 5846
3267, 3267, 3267
3266, 3266, 3266
2550, 2550, 2550
3317, 3317, 3317
#, trajectory num :7
2092, 2092, 2092
3314, 3314, 3314
5622, 5622, 5622
5747, 5747, 5747
2181, 2181, 2181
4964, 4964, 4964
3479, 3479, 3479
5381, 5381, 5381
5379, 5379, 5379
2352, 2352, 2352
5245, 5245, 5245
4293, 4293, 4293
4235, 4235, 4235
2688, 2688, 2688
4293, 4293, 4293
5216, 5216, 5216
4293, 4293, 4293
4177, 4177, 4177
5403, 5403, 5403
3864, 3864, 3864
3864, 3864, 3864
5848, 5848, 5848
#, trajectory num :8
5561, 5561, 5561
2678, 2678, 2678
2352, 2352, 2352
2352, 2352, 2352
2690, 2690, 2690
5244, 5244, 5244
5256, 5256, 5256
5759, 5759, 5759
2164, 2164, 2164
5759, 5759, 5759
5384, 5384, 5384
5543, 5543, 5543
5384, 5384, 5384
5759, 5759, 5759
5382, 5382, 5382
2174, 2174, 2174
5252, 5252, 5252
1911, 1911, 1911
544, 544, 544
2153, 2153, 2153
4944, 4944, 4944
117, 117, 117
#, trajectory num :9
494, 494, 494
373, 373, 373
5000, 5000, 5000
194, 194, 194
4614, 4614, 4614
194, 194, 194
5000, 5000, 5000
2610, 2610, 2610
4285, 4285, 4285
4475, 4475, 4475
4475, 4475, 4475
4614, 4614, 4614
372, 372, 372
372, 372, 372
153, 153, 153
4312, 4312, 4312
144, 144, 144
132, 132, 132
4311, 4311, 4311
89, 89, 89
4293, 4293, 4293
4293, 4293, 4293
#, trajectory num :10
2417, 2417, 2417
3246, 3246, 3246
2417, 2417, 2417
2859, 2859, 2859
2429, 2429, 2429
3255, 3255, 3255
1784, 1784, 1784
1615, 1615, 1615
1730, 1730, 1730
5438, 5438, 5438
5438, 5438, 5438
5336, 5336, 5336
1205, 1205, 1205
2417, 2417, 2417
1205, 1205, 1205
2420, 2420, 2420
5438, 5438, 5438
1205, 1205, 1205
1612, 1612, 1612
1612, 1612, 1612
5202, 5202, 5202
5790, 5790, 5790
#, trajectory num :11
3335, 3335, 3335
3247, 3247, 3247
3249, 3249, 3249
1217, 1217, 1217
5666, 5666, 5666
2410, 2410, 2410
3026, 3026, 3026
3868, 3868, 3868
2290, 2290, 2290
4258, 4258, 4258
2290, 2290, 2290
4262, 4262, 4262
321, 321, 321
4283, 4283, 4283
3312, 3312, 3312
192, 192, 192
5146, 5146, 5146
5338, 5338, 5338
185, 185, 185
6024, 6024, 6024
5867, 5867, 5867
5145, 5145, 5145
#, trajectory num :12
1650, 1650, 1650
910, 910, 910
4180, 4180, 4180
1353, 1353, 1353
3281, 3281, 3281
1850, 1850, 1850
3919, 3919, 3919
2413, 2413, 2413
5338, 5338, 5338
2412, 2412, 2412
5338, 5338, 5338
5338, 5338, 5338
2119, 2119, 2119
5435, 5435, 5435
5022, 5022, 5022
408, 408, 408
5022, 5022, 5022
2508, 2508, 2508
2511, 2511, 2511
3846, 3846, 3846
3157, 3157, 3157
2259, 2259, 2259
#, trajectory num :13
667, 667, 667
1127, 1127, 1127
5281, 5281, 5281
1527, 1527, 1527
3051, 3051, 3051
1438, 1438, 1438
4391, 4391, 4391
2949, 2949, 2949
1438, 1438, 1438
1676, 1676, 1676
3054, 3054, 3054
1864, 1864, 1864
1864, 1864, 1864
3751, 3751, 3751
5979, 5979, 5979
1222, 1222, 1222
5342, 5342, 5342
1002, 1002, 1002
3096, 3096, 3096
3096, 3096, 3096
1760, 1760, 1760
1344, 1344, 1344
#, trajectory num :14
2410, 2410, 2410
2417, 2417, 2417
2859, 2859, 2859
2417, 2417, 2417
2859, 2859, 2859
2429, 2429, 2429
1854, 1854, 1854
825, 825, 825
1089, 1089, 1089
1654, 1654, 1654
5282, 5282, 5282
5282, 5282, 5282
5638, 5638, 5638
3371, 3371, 3371
5282, 5282, 5282
3090, 3090, 3090
1775, 1775, 1775
1414, 1414, 1414
1354, 1354, 1354
1001, 1001, 1001
2924, 2924, 2924
1001, 1001, 1001
#, trajectory num :15
3280, 3280, 3280
645, 645, 645
3281, 3281, 3281
2936, 2936, 2936
2956, 2956, 2956
504, 504, 504
1290, 1290, 1290
505, 505, 505
504, 504, 504
2093, 2093, 2093
644, 644, 644
5050, 5050, 5050
5050, 5050, 5050
5050, 5050, 5050
5050, 5050, 5050
15, 15, 15
2547, 2547, 2547
259, 259, 259
4176, 4176, 4176
5864, 5864, 5864
259, 259, 259
5957, 5957, 5957
#, trajectory num :16
5853, 5853, 5853
3269, 3269, 3269
220, 220, 220
3784, 3784, 3784
4298, 4298, 4298
4172, 4172, 4172
4262, 4262, 4262
315, 315, 315
4262, 4262, 4262
4262, 4262, 4262
4195, 4195, 4195
495, 495, 495
495, 495, 495
495, 495, 495
2553, 2553, 2553
2093, 2093, 2093
504, 504, 504
2093, 2093, 2093
4420, 4420, 4420
1651, 1651, 1651
2547, 2547, 2547
13, 13, 13
#, trajectory num :17
833, 833, 833
1695, 1695, 1695
5369, 5369, 5369
1695, 1695, 1695
4057, 4057, 4057
1191, 1191, 1191
1187, 1187, 1187
569, 569, 569
3225, 3225, 3225
3225, 3225, 3225
2987, 2987, 2987
3225, 3225, 3225
5177, 5177, 5177
2262, 2262, 2262
484, 484, 484
1682, 1682, 1682
3317, 3317, 3317
979, 979, 979
1090, 1090, 1090
1089, 1089, 1089
3317, 3317, 3317
1638, 1638, 1638
#, trajectory num :18
2097, 2097, 2097
5266, 5266, 5266
2140, 2140, 2140
2421, 2421, 2421
8, 8, 8
5266, 5266, 5266
5089, 5089, 5089
5089, 5089, 5089
831, 831, 831
5089, 5089, 5089
2932, 2932, 2932
2932, 2932, 2932
5509, 5509, 5509
5509, 5509, 5509
5538, 5538, 5538
8, 8, 8
1309, 1309, 1309
1309, 1309, 1309
5921, 5921, 5921
2429, 2429, 2429
4077, 4077, 4077
2550, 2550, 2550
#, trajectory num :19
831, 831, 831
2932, 2932, 2932
833, 833, 833
2932, 2932, 2932
5538, 5538, 5538
4758, 4758, 4758
4127, 4127, 4127
3179, 3179, 3179
5252, 5252, 5252
5637, 5637, 5637
2191, 2191, 2191
4127, 4127, 4127
4128, 4128, 4128
4128, 4128, 4128
4128, 4128, 4128
4127, 4127, 4127
3410, 3410, 3410
4325, 4325, 4325
3314, 3314, 3314
5538, 5538, 5538
5507, 5507, 5507
5078, 5078, 5078
#, trajectory num :20
5859, 5859, 5859
4886, 4886, 4886
864, 864, 864
3134, 3134, 3134
864, 864, 864
839, 839, 839
2843, 2843, 2843
5909, 5909, 5909
3640, 3640, 3640
1079, 1079, 1079
2417, 2417, 2417
2417, 2417, 2417
1612, 1612, 1612
3246, 3246, 3246
3255, 3255, 3255
3134, 3134, 3134
3255, 3255, 3255
1856, 1856, 1856
3255, 3255, 3255
1854, 1854, 1854
3324, 3324, 3324
2429, 2429, 2429
#, trajectory num :21
1695, 1695, 1695
1695, 1695, 1695
4732, 4732, 4732
766, 766, 766
1583, 1583, 1583
770, 770, 770
830, 830, 830
3324, 3324, 3324
41, 41, 41
3255, 3255, 3255
3327, 3327, 3327
5856, 5856, 5856
1799, 1799, 1799
864, 864, 864
957, 957, 957
1060, 1060, 1060
727, 727, 727
728, 728, 728
4546, 4546, 4546
1060, 1060, 1060
1799, 1799, 1799
4548, 4548, 4548
#, trajectory num :22
1682, 1682, 1682
5475, 5475, 5475
5475, 5475, 5475
766, 766, 766
1695, 1695, 1695
1695, 1695, 1695
770, 770, 770
3317, 3317, 3317
1584, 1584, 1584
830, 830, 830
3324, 3324, 3324
1854, 1854, 1854
1860, 1860, 1860
1860, 1860, 1860
1778, 1778, 1778
3246, 3246, 3246
1778, 1778, 1778
3246, 3246, 3246
3246, 3246, 3246
3246, 3246, 3246
1854, 1854, 1854
1856, 1856, 1856
#, trajectory num :23
186, 186, 186
2117, 2117, 2117
2117, 2117, 2117
6024, 6024, 6024
4813, 4813, 4813
5647, 5647, 5647
5577, 5577, 5577
5577, 5577, 5577
5577, 5577, 5577
5577, 5577, 5577
5577, 5577, 5577
2511, 2511, 2511
2511, 2511, 2511
5576, 5576, 5576
5011, 5011, 5011
409, 409, 409
409, 409, 409
1696, 1696, 1696
409, 409, 409
3157, 3157, 3157
1696, 1696, 1696
5574, 5574, 5574
#, trajectory num :24
1785, 1785, 1785
1778, 1778, 1778
3134, 3134, 3134
3111, 3111, 3111
863, 863, 863
34, 34, 34
32, 32, 32
3107, 3107, 3107
1214, 1214, 1214
863, 863, 863
848, 848, 848
992, 992, 992
1065, 1065, 1065
991, 991, 991
5738, 5738, 5738
1262, 1262, 1262
803, 803, 803
1262, 1262, 1262
4548, 4548, 4548
4709, 4709, 4709
3255, 3255, 3255
3694, 3694, 3694
#, trajectory num :25
1001, 1001, 1001
667, 667, 667
994, 994, 994
5710, 5710, 5710
5710, 5710, 5710
3089, 3089, 3089
3205, 3205, 3205
2948, 2948, 2948
1151, 1151, 1151
744, 744, 744
1762, 1762, 1762
4876, 4876, 4876
2948, 2948, 2948
4688, 4688, 4688
1150, 1150, 1150
666, 666, 666
1776, 1776, 1776
1148, 1148, 1148
1146, 1146, 1146
5340, 5340, 5340
1658, 1658, 1658
5344, 5344, 5344
#, trajectory num :26
994, 994, 994
4970, 4970, 4970
3898, 3898, 3898
5282, 5282, 5282
1001, 1001, 1001
1001, 1001, 1001
5710, 5710, 5710
3150, 3150, 3150
5713, 5713, 5713
5714, 5714, 5714
1531, 1531, 1531
5715, 5715, 5715
5713, 5713, 5713
2916, 2916, 2916
1810, 1810, 1810
5677, 5677, 5677
5714, 5714, 5714
2923, 2923, 2923
1084, 1084, 1084
1001, 1001, 1001
5675, 5675, 5675
1743, 1743, 1743
#, trajectory num :27
2092, 2092, 2092
4808, 4808, 4808
4751, 4751, 4751
5562, 5562, 5562
4333, 4333, 4333
5543, 5543, 5543
4333, 4333, 4333
3342, 3342, 3342
5484, 5484, 5484
3479, 3479, 3479
3174, 3174, 3174
3414, 3414, 3414
2594, 2594, 2594
3569, 3569, 3569
3103, 3103, 3103
3684, 3684, 3684
4634, 4634, 4634
4649, 4649, 4649
4826, 4826, 4826
5354, 5354, 5354
3685, 3685, 3685
5509, 5509, 5509
#, trajectory num :28
5338, 5338, 5338
3799, 3799, 3799
5338, 5338, 5338
494, 494, 494
4470, 4470, 4470
432, 432, 432
432, 432, 432
432, 432, 432
432, 432, 432
432, 432, 432
5346, 5346, 5346
432, 432, 432
446, 446, 446
432, 432, 432
304, 304, 304
304, 304, 304
3864, 3864, 3864
3868, 3868, 3868
213, 213, 213
3869, 3869, 3869
5864, 5864, 5864
3335, 3335, 3335
#, trajectory num :29
3441, 3441, 3441
4057, 4057, 4057
3199, 3199, 3199
3442, 3442, 3442
881, 881, 881
3289, 3289, 3289
3225, 3225, 3225
5519, 5519, 5519
43, 43, 43
2980, 2980, 2980
3276, 3276, 3276
3899, 3899, 3899
1582, 1582, 1582
873, 873, 873
4883, 4883, 4883
2425, 2425, 2425
5781, 5781, 5781
1071, 1071, 1071
2140, 2140, 2140
2421, 2421, 2421
2140, 2140, 2140
3280, 3280, 3280
#, trajectory num :30
2688, 2688, 2688
86, 86, 86
2498, 2498, 2498
5249, 5249, 5249
2473, 2473, 2473
5248, 5248, 5248
2475, 2475, 2475
5379, 5379, 5379
1919, 1919, 1919
2182, 2182, 2182
2083, 2083, 2083
2182, 2182, 2182
5243, 5243, 5243
3479, 3479, 3479
2182, 2182, 2182
5252, 5252, 5252
3062, 3062, 3062
3178, 3178, 3178
2982, 2982, 2982
3106, 3106, 3106
2982, 2982, 2982
12, 12, 12
#, trajectory num :31
5213, 5213, 5213
5294, 5294, 5294
1777, 1777, 1777
1614, 1614, 1614
864, 864, 864
849, 849, 849
4956, 4956, 4956
4955, 4955, 4955
4886, 4886, 4886
4887, 4887, 4887
4882, 4882, 4882
5737, 5737, 5737
4886, 4886, 4886
5740, 5740, 5740
5740, 5740, 5740
4888, 4888, 4888
847, 847, 847
863, 863, 863
1778, 1778, 1778
4450, 4450, 4450
3246, 3246, 3246
1856, 1856, 1856
#, trajectory num :32
1771, 1771, 1771
5584, 5584, 5584
5586, 5586, 5586
5584, 5584, 5584
5584, 5584, 5584
5584, 5584, 5584
5584, 5584, 5584
5847, 5847, 5847
1507, 1507, 1507
5702, 5702, 5702
3451, 3451, 3451
4688, 4688, 4688
4156, 4156, 4156
4731, 4731, 4731
4725, 4725, 4725
4111, 4111, 4111
1222, 1222, 1222
5679, 5679, 5679
5680, 5680, 5680
3450, 3450, 3450
1746, 1746, 1746
766, 766, 766
#, trajectory num :33
496, 496, 496
217, 217, 217
2610, 2610, 2610
180, 180, 180
4257, 4257, 4257
3854, 3854, 3854
3854, 3854, 3854
4300, 4300, 4300
4262, 4262, 4262
4317, 4317, 4317
4198, 4198, 4198
4212, 4212, 4212
5848, 5848, 5848
5854, 5854, 5854
2417, 2417, 2417
2415, 2415, 2415
2116, 2116, 2116
5854, 5854, 5854
5864, 5864, 5864
5566, 5566, 5566
5559, 5559, 5559
4294, 4294, 4294
#, trajectory num :34
5367, 5367, 5367
873, 873, 873
873, 873, 873
3228, 3228, 3228
3228, 3228, 3228
1799, 1799, 1799
4680, 4680, 4680
5856, 5856, 5856
1030, 1030, 1030
3226, 3226, 3226
868, 868, 868
4515, 4515, 4515
795, 795, 795
2987, 2987, 2987
1577, 1577, 1577
1542, 1542, 1542
5459, 5459, 5459
3316, 3316, 3316
5339, 5339, 5339
1630, 1630, 1630
1460, 1460, 1460
5174, 5174, 5174
#, trajectory num :35
3266, 3266, 3266
4258, 4258, 4258
3854, 3854, 3854
2307, 2307, 2307
3268, 3268, 3268
5431, 5431, 5431
208, 208, 208
3864, 3864, 3864
2393, 2393, 2393
2552, 2552, 2552
4439, 4439, 4439
4300, 4300, 4300
2615, 2615, 2615
2393, 2393, 2393
4210, 4210, 4210
3801, 3801, 3801
5002, 5002, 5002
373, 373, 373
5536, 5536, 5536
1922, 1922, 1922
5484, 5484, 5484
12, 12, 12
#, trajectory num :36
2858, 2858, 2858
2410, 2410, 2410
5786, 5786, 5786
1730, 1730, 1730
3120, 3120, 3120
3120, 3120, 3120
5438, 5438, 5438
5294, 5294, 5294
5663, 5663, 5663
5202, 5202, 5202
5335, 5335, 5335
5212, 5212, 5212
5202, 5202, 5202
5294, 5294, 5294
3246, 3246, 3246
3246, 3246, 3246
3246, 3246, 3246
1784, 1784, 1784
2855, 2855, 2855
3247, 3247, 3247
3247, 3247, 3247
1119, 1119, 1119
#, trajectory num :37
5202, 5202, 5202
5666, 5666, 5666
1785, 1785, 1785
1778, 1778, 1778
1785, 1785, 1785
1784, 1784, 1784
1784, 1784, 1784
1784, 1784, 1784
5562, 5562, 5562
5562, 5562, 5562
2092, 2092, 2092
2092, 2092, 2092
2092, 2092, 2092
1513, 1513, 1513
2092, 2092, 2092
2092, 2092, 2092
5562, 5562, 5562
4751, 4751, 4751
2092, 2092, 2092
2436, 2436, 2436
2092, 2092, 2092
4335, 4335, 4335
#, trajectory num :38
5957, 5957, 5957
5847, 5847, 5847
2553, 2553, 2553
4263, 4263, 4263
4262, 4262, 4262
4261, 4261, 4261
4262, 4262, 4262
5843, 5843, 5843
4317, 4317, 4317
4317, 4317, 4317
3853, 3853, 3853
5846, 5846, 5846
2280, 2280, 2280
5843, 5843, 5843
4317, 4317, 4317
5843, 5843, 5843
3259, 3259, 3259
3259, 3259, 3259
1315, 1315, 1315
5156, 5156, 5156
57, 57, 57
1391, 1391, 1391
#, trajectory num :39
3868, 3868, 3868
2753, 2753, 2753
4302, 4302, 4302
250, 250, 250
421, 421, 421
489, 489, 489
4470, 4470, 4470
2620, 2620, 2620
2610, 2610, 2610
317, 317, 317
320, 320, 320
4270, 4270, 4270
311, 311, 311
2287, 2287, 2287
448, 448, 448
4475, 4475, 4475
4285, 4285, 4285
4257, 4257, 4257
2302, 2302, 2302
4259, 4259, 4259
2302, 2302, 2302
4210, 4210, 4210
#, trajectory num :40
2507, 2507, 2507
3310, 3310, 3310
3310, 3310, 3310
2505, 2505, 2505
2520, 2520, 2520
3826, 3826, 3826
3826, 3826, 3826
2523, 2523, 2523
3826, 3826, 3826
2529, 2529, 2529
3310, 3310, 3310
2510, 2510, 2510
3312, 3312, 3312
3312, 3312, 3312
2106, 2106, 2106
454, 454, 454
454, 454, 454
4709, 4709, 4709
5369, 5369, 5369
1681, 1681, 1681
833, 833, 833
833, 833, 833
#, trajectory num :41
4732, 4732, 4732
1746, 1746, 1746
1746, 1746, 1746
5952, 5952, 5952
496, 496, 496
5851, 5851, 5851
3040, 3040, 3040
1747, 1747, 1747
261, 261, 261
5507, 5507, 5507
1695, 1695, 1695
300, 300, 300
1695, 1695, 1695
3441, 3441, 3441
5689, 5689, 5689
890, 890, 890
649, 649, 649
643, 643, 643
647, 647, 647
647, 647, 647
4418, 4418, 4418
4422, 4422, 4422
#, trajectory num :42
5845, 5845, 5845
5846, 5846, 5846
5846, 5846, 5846
2553, 2553, 2553
4317, 4317, 4317
4262, 4262, 4262
494, 494, 494
494, 494, 494
4476, 4476, 4476
2290, 2290, 2290
4270, 4270, 4270
2288, 2288, 2288
316, 316, 316
3855, 3855, 3855
3855, 3855, 3855
3784, 3784, 3784
3866, 3866, 3866
213, 213, 213
5846, 5846, 5846
5866, 5866, 5866
5868, 5868, 5868
3866, 3866, 3866
#, trajectory num :43
2426, 2426, 2426
5200, 5200, 5200
5200, 5200, 5200
841, 841, 841
5909, 5909, 5909
2420, 2420, 2420
1728, 1728, 1728
1075, 1075, 1075
1075, 1075, 1075
1728, 1728, 1728
2843, 2843, 2843
5909, 5909, 5909
2848, 2848, 2848
3120, 3120, 3120
839, 839, 839
1730, 1730, 1730
2415, 2415, 2415
2417, 2417, 2417
2410, 2410, 2410
2417, 2417, 2417
2415, 2415, 2415
2428, 2428, 2428
#, trajectory num :44
4048, 4048, 4048
5455, 5455, 5455
4047, 4047, 4047
1022, 1022, 1022
1745, 1745, 1745
761, 761, 761
4390, 4390, 4390
769, 769, 769
1428, 1428, 1428
1090, 1090, 1090
2071, 2071, 2071
5229, 5229, 5229
5954, 5954, 5954
595, 595, 595
1856, 1856, 1856
1856, 1856, 1856
1854, 1854, 1854
3255, 3255, 3255
3246, 3246, 3246
2429, 2429, 2429
1854, 1854, 1854
1856, 1856, 1856
#, trajectory num :45
759, 759, 759
1582, 1582, 1582
5684, 5684, 5684
1019, 1019, 1019
4381, 4381, 4381
1582, 1582, 1582
4180, 4180, 4180
3255, 3255, 3255
4180, 4180, 4180
1860, 1860, 1860
3324, 3324, 3324
3324, 3324, 3324
3324, 3324, 3324
3324, 3324, 3324
819, 819, 819
2267, 2267, 2267
2267, 2267, 2267
2068, 2068, 2068
4991, 4991, 4991
2067, 2067, 2067
819, 819, 819
1427, 1427, 1427
#, trajectory num :46
4611, 4611, 4611
2304, 2304, 2304
2606, 2606, 2606
304, 304, 304
2618, 2618, 2618
325, 325, 325
414, 414, 414
2619, 2619, 2619
420, 420, 420
421, 421, 421
2754, 2754, 2754
2754, 2754, 2754
424, 424, 424
424, 424, 424
4476, 4476, 4476
2763, 2763, 2763
2754, 2754, 2754
2277, 2277, 2277
2620, 2620, 2620
304, 304, 304
304, 304, 304
444, 444, 444
#, trajectory num :47
5213, 5213, 5213
1210, 1210, 1210
5610, 5610, 5610
3120, 3120, 3120
5438, 5438, 5438
5212, 5212, 5212
3250, 3250, 3250
1122, 1122, 1122
1778, 1778, 1778
1122, 1122, 1122
5943, 5943, 5943
991, 991, 991
5738, 5738, 5738
4671, 4671, 4671
4769, 4769, 4769
1030, 1030, 1030
1030, 1030, 1030
1060, 1060, 1060
1030, 1030, 1030
1799, 1799, 1799
5856, 5856, 5856
484, 484, 484
#, trajectory num :48
1778, 1778, 1778
5200, 5200, 5200
5200, 5200, 5200
1612, 1612, 1612
5294, 5294, 5294
5663, 5663, 5663
3246, 3246, 3246
2421, 2421, 2421
4883, 4883, 4883
3246, 3246, 3246
3107, 3107, 3107
1802, 1802, 1802
5733, 5733, 5733
5738, 5738, 5738
5738, 5738, 5738
4667, 4667, 4667
864, 864, 864
4882, 4882, 4882
3134, 3134, 3134
863, 863, 863
5193, 5193, 5193
1614, 1614, 1614
#, trajectory num :49
1857, 1857, 1857
2066, 2066, 2066
5936, 5936, 5936
5507, 5507, 5507
4860, 4860, 4860
5755, 5755, 5755
4755, 4755, 4755
5635, 5635, 5635
5549, 5549, 5549
2436, 2436, 2436
3174, 3174, 3174
4809, 4809, 4809
2252, 2252, 2252
48, 48, 48
3197, 3197, 3197
3413, 3413, 3413
5507, 5507, 5507
4294, 4294, 4294
5561, 5561, 5561
257, 257, 257
5587, 5587, 5587
5852, 5852, 5852
#, trajectory num :50
4643, 4643, 4643
4643, 4643, 4643
3100, 3100, 3100
3619, 3619, 3619
5318, 5318, 5318
5510, 5510, 5510
3619, 3619, 3619
5318, 5318, 5318
1873, 1873, 1873
3706, 3706, 3706
3619, 3619, 3619
3659, 3659, 3659
3166, 3166, 3166
1873, 1873, 1873
3591, 3591, 3591
3619, 3619, 3619
2225, 2225, 2225
3652, 3652, 3652
4824, 4824, 4824
2182, 2182, 2182
2092, 2092, 2092
4333, 4333, 4333
#, trajectory num :51
1584, 1584, 1584
3297, 3297, 3297
825, 825, 825
1680, 1680, 1680
1854, 1854, 1854
1860, 1860, 1860
1856, 1856, 1856
5859, 5859, 5859
1116, 1116, 1116
1855, 1855, 1855
1116, 1116, 1116
1125, 1125, 1125
4781, 4781, 4781
1801, 1801, 1801
1116, 1116, 1116
4684, 4684, 4684
4772, 4772, 4772
1803, 1803, 1803
1116, 1116, 1116
2263, 2263, 2263
2263, 2263, 2263
3254, 3254, 3254
#, trajectory num :52
1799, 1799, 1799
5738, 5738, 5738
4769, 4769, 4769
3226, 3226, 3226
3228, 3228, 3228
872, 872, 872
3226, 3226, 3226
2106, 2106, 2106
2106, 2106, 2106
3699, 3699, 3699
3699, 3699, 3699
5993, 5993, 5993
5993, 5993, 5993
5614, 5614, 5614
3699, 3699, 3699
5827, 5827, 5827
1691, 1691, 1691
5450, 5450, 5450
3956, 3956, 3956
2998, 2998, 2998
3000, 3000, 3000
2869, 2869, 2869
#, trajectory num :53
1756, 1756, 1756
1756, 1756, 1756
5354, 5354, 5354
3217, 3217, 3217
128, 128, 128
4984, 4984, 4984
2456, 2456, 2456
2352, 2352, 2352
2352, 2352, 2352
4311, 4311, 4311
2477, 2477, 2477
2352, 2352, 2352
2678, 2678, 2678
151, 151, 151
4292, 4292, 4292
2547, 2547, 2547
2547, 2547, 2547
5561, 5561, 5561
3413, 3413, 3413
3314, 3314, 3314
3314, 3314, 3314
2932, 2932, 2932
#, trajectory num :54
2932, 2932, 2932
5538, 5538, 5538
3768, 3768, 3768
4826, 4826, 4826
3629, 3629, 3629
1954, 1954, 1954
5991, 5991, 5991
939, 939, 939
1973, 1973, 1973
2242, 2242, 2242
5633, 5633, 5633
2973, 2973, 2973
2092, 2092, 2092
5562, 5562, 5562
5385, 5385, 5385
612, 612, 612
1072, 1072, 1072
831, 831, 831
3246, 3246, 3246
1854, 1854, 1854
831, 831, 831
5200, 5200, 5200
#, trajectory num :55
3436, 3436, 3436
3465, 3465, 3465
2984, 2984, 2984
2163, 2163, 2163
2436, 2436, 2436
12, 12, 12
5547, 5547, 5547
5543, 5543, 5543
3600, 3600, 3600
1936, 1936, 1936
5380, 5380, 5380
2767, 2767, 2767
3218, 3218, 3218
1936, 1936, 1936
1936, 1936, 1936
5379, 5379, 5379
3600, 3600, 3600
5551, 5551, 5551
5551, 5551, 5551
5400, 5400, 5400
5518, 5518, 5518
5538, 5538, 5538
#, trajectory num :56
5394, 5394, 5394
118, 118, 118
3479, 3479, 3479
5257, 5257, 5257
2587, 2587, 2587
2587, 2587, 2587
2587, 2587, 2587
1932, 1932, 1932
1943, 1943, 1943
4593, 4593, 4593
3771, 3771, 3771
1518, 1518, 1518
2245, 2245, 2245
5324, 5324, 5324
712, 712, 712
4840, 4840, 4840
3025, 3025, 3025
3706, 3706, 3706
5261, 5261, 5261
3653, 3653, 3653
3685, 3685, 3685
5624, 5624, 5624
#, trajectory num :57
4134, 4134, 4134
1072, 1072, 1072
1072, 1072, 1072
2417, 2417, 2417
5790, 5790, 5790
1828, 1828, 1828
2417, 2417, 2417
5294, 5294, 5294
2417, 2417, 2417
2417, 2417, 2417
5610, 5610, 5610
4751, 4751, 4751
8, 8, 8
8, 8, 8
8, 8, 8
8, 8, 8
2932, 2932, 2932
8, 8, 8
5538, 5538, 5538
1756, 1756, 1756
2932, 2932, 2932
4541, 4541, 4541
#, trajectory num :58
4765, 4765, 4765
5090, 5090, 5090
2259, 2259, 2259
2124, 2124, 2124
4765, 4765, 4765
5092, 5092, 5092
1691, 1691, 1691
5091, 5091, 5091
1690, 1690, 1690
1690, 1690, 1690
5091, 5091, 5091
4018, 4018, 4018
2272, 2272, 2272
3955, 3955, 3955
2108, 2108, 2108
3280, 3280, 3280
4294, 4294, 4294
2932, 2932, 2932
5049, 5049, 5049
5561, 5561, 5561
4294, 4294, 4294
4294, 4294, 4294
#, trajectory num :59
2415, 2415, 2415
2422, 2422, 2422
2415, 2415, 2415
2820, 2820, 2820
3026, 3026, 3026
5985, 5985, 5985
1276, 1276, 1276
2821, 2821, 2821
5801, 5801, 5801
2778, 2778, 2778
5022, 5022, 5022
2238, 2238, 2238
2508, 2508, 2508
2213, 2213, 2213
2218, 2218, 2218
3124, 3124, 3124
3550, 3550, 3550
2865, 2865, 2865
3125, 3125, 3125
5484, 5484, 5484
5540, 5540, 5540
8, 8, 8
#, trajectory num :60
4751, 4751, 4751
5354, 5354, 5354
5354, 5354, 5354
2182, 2182, 2182
5760, 5760, 5760
5243, 5243, 5243
3641, 3641, 3641
3479, 3479, 3479
5354, 5354, 5354
5354, 5354, 5354
5354, 5354, 5354
4293, 4293, 4293
1919, 1919, 1919
3479, 3479, 3479
5354, 5354, 5354
5379, 5379, 5379
2083, 2083, 2083
5243, 5243, 5243
5251, 5251, 5251
2689, 2689, 2689
4808, 4808, 4808
5385, 5385, 5385
#, trajectory num :61
2384, 2384, 2384
4084, 4084, 4084
4163, 4163, 4163
977, 977, 977
831, 831, 831
1228, 1228, 1228
977, 977, 977
41, 41, 41
5954, 5954, 5954
5954, 5954, 5954
41, 41, 41
963, 963, 963
3257, 3257, 3257
5954, 5954, 5954
484, 484, 484
1227, 1227, 1227
586, 586, 586
1737, 1737, 1737
1737, 1737, 1737
2989, 2989, 2989
43, 43, 43
3256, 3256, 3256
#, trajectory num :62
5952, 5952, 5952
4710, 4710, 4710
2262, 2262, 2262
4707, 4707, 4707
3136, 3136, 3136
2898, 2898, 2898
583, 583, 583
5174, 5174, 5174
561, 561, 561
5460, 5460, 5460
5459, 5459, 5459
550, 550, 550
1011, 1011, 1011
5453, 5453, 5453
5087, 5087, 5087
5087, 5087, 5087
3971, 3971, 3971
1666, 1666, 1666
3969, 3969, 3969
1107, 1107, 1107
3978, 3978, 3978
2238, 2238, 2238
#, trajectory num :63
5738, 5738, 5738
4671, 4671, 4671
2830, 2830, 2830
1060, 1060, 1060
563, 563, 563
560, 560, 560
1585, 1585, 1585
5419, 5419, 5419
4373, 4373, 4373
4369, 4369, 4369
4369, 4369, 4369
4368, 4368, 4368
567, 567, 567
5459, 5459, 5459
2648, 2648, 2648
2962, 2962, 2962
873, 873, 873
873, 873, 873
5368, 5368, 5368
2266, 2266, 2266
5768, 5768, 5768
2932, 2932, 2932
#, trajectory num :64
2594, 2594, 2594
1513, 1513, 1513
118, 118, 118
2242, 2242, 2242
4809, 4809, 4809
3414, 3414, 3414
4751, 4751, 4751
3314, 3314, 3314
4325, 4325, 4325
5509, 5509, 5509
2251, 2251, 2251
1692, 1692, 1692
5085, 5085, 5085
5085, 5085, 5085
3415, 3415, 3415
5506, 5506, 5506
994, 994, 994
1775, 1775, 1775
1354, 1354, 1354
1353, 1353, 1353
598, 598, 598
259, 259, 259
#, trajectory num :65
5249, 5249, 5249
5821, 5821, 5821
4311, 4311, 4311
4311, 4311, 4311
89, 89, 89
141, 141, 141
2741, 2741, 2741
3818, 3818, 3818
141, 141, 141
89, 89, 89
4248, 4248, 4248
141, 141, 141
2499, 2499, 2499
129, 129, 129
3876, 3876, 3876
137, 137, 137
3876, 3876, 3876
137, 137, 137
2493, 2493, 2493
4292, 4292, 4292
4292, 4292, 4292
2352, 2352, 2352
#, trajectory num :66
3280, 3280, 3280
1650, 1650, 1650
598, 598, 598
644, 644, 644
644, 644, 644
645, 645, 645
1650, 1650, 1650
1650, 1650, 1650
833, 833, 833
1860, 1860, 1860
3255, 3255, 3255
1854, 1854, 1854
1854, 1854, 1854
1856, 1856, 1856
5619, 5619, 5619
5619, 5619, 5619
2429, 2429, 2429
1856, 1856, 1856
3246, 3246, 3246
3246, 3246, 3246
3255, 3255, 3255
1856, 1856, 1856
#, trajectory num :67
5475, 5475, 5475
1695, 1695, 1695
3441, 3441, 3441
2645, 2645, 2645
5971, 5971, 5971
2962, 2962, 2962
2962, 2962, 2962
2645, 2645, 2645
5177, 5177, 5177
2645, 2645, 2645
873, 873, 873
873, 873, 873
569, 569, 569
5523, 5523, 5523
586, 586, 586
3997, 3997, 3997
1742, 1742, 1742
485, 485, 485
1582, 1582, 1582
4732, 4732, 4732
3324, 3324, 3324
1001, 1001, 1001
#, trajectory num :68
3868, 3868, 3868
2393, 2393, 2393
2678, 2678, 2678
144, 144, 144
162, 162, 162
162, 162, 162
135, 135, 135
151, 151, 151
4311, 4311, 4311
2677, 2677, 2677
387, 387, 387
92, 92, 92
128, 128, 128
4984, 4984, 4984
4984, 4984, 4984
3217, 3217, 3217
5481, 5481, 5481
5484, 5484, 5484
3466, 3466, 3466
2163, 2163, 2163
3413, 3413, 3413
3197, 3197, 3197
#, trajectory num :69
2352, 2352, 2352
2352, 2352, 2352
5379, 5379, 5379
4811, 4811, 4811
5379, 5379, 5379
5069, 5069, 5069
5383, 5383, 5383
5257, 5257, 5257
2092, 2092, 2092
3634, 3634, 3634
5354, 5354, 5354
1513, 1513, 1513
3641, 3641, 3641
3416, 3416, 3416
2982, 2982, 2982
3098, 3098, 3098
3105, 3105, 3105
5622, 5622, 5622
3463, 3463, 3463
1513, 1513, 1513
3657, 3657, 3657
1513, 1513, 1513
#, trajectory num :70
5152, 5152, 5152
5714, 5714, 5714
5867, 5867, 5867
5867, 5867, 5867
5705, 5705, 5705
1482, 1482, 1482
3371, 3371, 3371
2926, 2926, 2926
5708, 5708, 5708
3371, 3371, 3371
3089, 3089, 3089
1658, 1658, 1658
4558, 4558, 4558
5869, 5869, 5869
2644, 2644, 2644
5705, 5705, 5705
3027, 3027, 3027
1241, 1241, 1241
1747, 1747, 1747
3150, 3150, 3150
1001, 1001, 1001
4316, 4316, 4316
#, trajectory num :71
1775, 1775, 1775
1695, 1695, 1695
3449, 3449, 3449
3277, 3277, 3277
5282, 5282, 5282
1001, 1001, 1001
1659, 1659, 1659
766, 766, 766
1019, 1019, 1019
4048, 4048, 4048
569, 569, 569
2262, 2262, 2262
873, 873, 873
5133, 5133, 5133
868, 868, 868
2987, 2987, 2987
4446, 4446, 4446
1736, 1736, 1736
2985, 2985, 2985
2959, 2959, 2959
1029, 1029, 1029
873, 873, 873
#, trajectory num :72
1030, 1030, 1030
4710, 4710, 4710
1030, 1030, 1030
3227, 3227, 3227
1740, 1740, 1740
1740, 1740, 1740
5060, 5060, 5060
787, 787, 787
1029, 1029, 1029
797, 797, 797
584, 584, 584
1026, 1026, 1026
1032, 1032, 1032
749, 749, 749
3895, 3895, 3895
963, 963, 963
803, 803, 803
4779, 4779, 4779
1859, 1859, 1859
1114, 1114, 1114
1856, 1856, 1856
5939, 5939, 5939
#, trajectory num :73
5957, 5957, 5957
2140, 2140, 2140
5786, 5786, 5786
6024, 6024, 6024
2410, 2410, 2410
2120, 2120, 2120
2413, 2413, 2413
5986, 5986, 5986
1724, 1724, 1724
5984, 5984, 5984
6016, 6016, 6016
6022, 6022, 6022
4653, 4653, 4653
3026, 3026, 3026
4813, 4813, 4813
3026, 3026, 3026
2819, 2819, 2819
6019, 6019, 6019
2422, 2422, 2422
2415, 2415, 2415
2429, 2429, 2429
1854, 1854, 1854
#, trajectory num :74
5963, 5963, 5963
1920, 1920, 1920
5382, 5382, 5382
1896, 1896, 1896
5043, 5043, 5043
3479, 3479, 3479
3472, 3472, 3472
3472, 3472, 3472
3766, 3766, 3766
2230, 2230, 2230
3131, 3131, 3131
2204, 2204, 2204
1644, 1644, 1644
2888, 2888, 2888
2130, 2130, 2130
2218, 2218, 2218
5743, 5743, 5743
2218, 2218, 2218
1719, 1719, 1719
1112, 1112, 1112
1107, 1107, 1107
3971, 3971, 3971
#, trajectory num :75
5998, 5998, 5998
1304, 1304, 1304
1304, 1304, 1304
5312, 5312, 5312
3457, 3457, 3457
1304, 1304, 1304
3281, 3281, 3281
3281, 3281, 3281
3639, 3639, 3639
723, 723, 723
3255, 3255, 3255
3694, 3694, 3694
484, 484, 484
3228, 3228, 3228
1029, 1029, 1029
1033, 1033, 1033
4549, 4549, 4549
4710, 4710, 4710
2898, 2898, 2898
3228, 3228, 3228
4680, 4680, 4680
4781, 4781, 4781
#, trajectory num :76
2379, 2379, 2379
6002, 6002, 6002
4152, 4152, 4152
6040, 6040, 6040
740, 740, 740
624, 624, 624
3151, 3151, 3151
6036, 6036, 6036
885, 885, 885
1316, 1316, 1316
3636, 3636, 3636
970, 970, 970
1360, 1360, 1360
4535, 4535, 4535
3913, 3913, 3913
1671, 1671, 1671
4880, 4880, 4880
3635, 3635, 3635
4878, 4878, 4878
3891, 3891, 3891
6000, 6000, 6000
3281, 3281, 3281
#, trajectory num :77
1695, 1695, 1695
766, 766, 766
1582, 1582, 1582
5369, 5369, 5369
5952, 5952, 5952
1582, 1582, 1582
766, 766, 766
4732, 4732, 4732
770, 770, 770
767, 767, 767
3604, 3604, 3604
1158, 1158, 1158
1084, 1084, 1084
5673, 5673, 5673
5713, 5713, 5713
1246, 1246, 1246
5714, 5714, 5714
1775, 1775, 1775
300, 300, 300
2095, 2095, 2095
5895, 5895, 5895
1775, 1775, 1775
#, trajectory num :78
1652, 1652, 1652
649, 649, 649
650, 650, 650
644, 644, 644
259, 259, 259
5917, 5917, 5917
1425, 1425, 1425
825, 825, 825
2067, 2067, 2067
3335, 3335, 3335
4680, 4680, 4680
4680, 4680, 4680
1799, 1799, 1799
2898, 2898, 2898
787, 787, 787
586, 586, 586
791, 791, 791
5682, 5682, 5682
2261, 2261, 2261
5520, 5520, 5520
569, 569, 569
802, 802, 802
#, trajectory num :79
830, 830, 830
3296, 3296, 3296
723, 723, 723
3296, 3296, 3296
3296, 3296, 3296
3336, 3336, 3336
4702, 4702, 4702
1119, 1119, 1119
1855, 1855, 1855
3326, 3326, 3326
3326, 3326, 3326
1860, 1860, 1860
3324, 3324, 3324
3324, 3324, 3324
2069, 2069, 2069
3336, 3336, 3336
831, 831, 831
1426, 1426, 1426
2067, 2067, 2067
984, 984, 984
1856, 1856, 1856
3327, 3327, 3327
#, trajectory num :80
3266, 3266, 3266
5843, 5843, 5843
2280, 2280, 2280
5846, 5846, 5846
4317, 4317, 4317
2280, 2280, 2280
2307, 2307, 2307
2606, 2606, 2606
2606, 2606, 2606
5345, 5345, 5345
5345, 5345, 5345
2606, 2606, 2606
2606, 2606, 2606
2553, 2553, 2553
2549, 2549, 2549
1290, 1290, 1290
1399, 1399, 1399
3871, 3871, 3871
5271, 5271, 5271
1760, 1760, 1760
2882, 2882, 2882
1760, 1760, 1760
#, trajectory num :81
2254, 2254, 2254
3961, 3961, 3961
4732, 4732, 4732
627, 627, 627
3049, 3049, 3049
5917, 5917, 5917
259, 259, 259
1098, 1098, 1098
1532, 1532, 1532
1382, 1382, 1382
1324, 1324, 1324
5708, 5708, 5708
3370, 3370, 3370
3371, 3371, 3371
5282, 5282, 5282
5729, 5729, 5729
5344, 5344, 5344
6040, 6040, 6040
740, 740, 740
6040, 6040, 6040
1351, 1351, 1351
740, 740, 740
#, trajectory num :82
5921, 5921, 5921
2932, 2932, 2932
5538, 5538, 5538
3414, 3414, 3414
5622, 5622, 5622
5538, 5538, 5538
4809, 4809, 4809
2984, 2984, 2984
4751, 4751, 4751
3175, 3175, 3175
3314, 3314, 3314
5622, 5622, 5622
3062, 3062, 3062
3685, 3685, 3685
4649, 4649, 4649
5640, 5640, 5640
4827, 4827, 4827
2029, 2029, 2029
3622, 3622, 3622
3103, 3103, 3103
2816, 2816, 2816
5542, 5542, 5542
#, trajectory num :83
1001, 1001, 1001
1001, 1001, 1001
3090, 3090, 3090
1351, 1351, 1351
5477, 5477, 5477
630, 630, 630
5271, 5271, 5271
2094, 2094, 2094
1568, 1568, 1568
4627, 4627, 4627
1301, 1301, 1301
4627, 4627, 4627
910, 910, 910
598, 598, 598
2095, 2095, 2095
2095, 2095, 2095
259, 259, 259
2095, 2095, 2095
1674, 1674, 1674
507, 507, 507
648, 648, 648
4421, 4421, 4421
#, trajectory num :84
2864, 2864, 2864
1354, 1354, 1354
2924, 2924, 2924
1695, 1695, 1695
1695, 1695, 1695
598, 598, 598
5895, 5895, 5895
598, 598, 598
1652, 1652, 1652
644, 644, 644
3280, 3280, 3280
598, 598, 598
598, 598, 598
636, 636, 636
1353, 1353, 1353
598, 598, 598
3694, 3694, 3694
5145, 5145, 5145
2429, 2429, 2429
2429, 2429, 2429
1072, 1072, 1072
5145, 5145, 5145
#, trajectory num :85
5610, 5610, 5610
1850, 1850, 1850
5610, 5610, 5610
1724, 1724, 1724
5609, 5609, 5609
1079, 1079, 1079
3026, 3026, 3026
2818, 2818, 2818
5781, 5781, 5781
2843, 2843, 2843
5909, 5909, 5909
2737, 2737, 2737
2734, 2734, 2734
1214, 1214, 1214
4367, 4367, 4367
4769, 4769, 4769
1060, 1060, 1060
3228, 3228, 3228
963, 963, 963
1030, 1030, 1030
3029, 3029, 3029
960, 960, 960
#, trajectory num :86
3866, 3866, 3866
3784, 3784, 3784
63, 63, 63
5726, 5726, 5726
3850, 3850, 3850
5863, 5863, 5863
3850, 3850, 3850
63, 63, 63
213, 213, 213
213, 213, 213
2547, 2547, 2547
4292, 4292, 4292
5561, 5561, 5561
2436, 2436, 2436
4808, 4808, 4808
5562, 5562, 5562
4333, 4333, 4333
5560, 5560, 5560
5559, 5559, 5559
1309, 1309, 1309
831, 831, 831
726, 726, 726
#, trajectory num :87
5359, 5359, 5359
4134, 4134, 4134
1072, 1072, 1072
4077, 4077, 4077
5360, 5360, 5360
3279, 3279, 3279
4048, 4048, 4048
4733, 4733, 4733
3450, 3450, 3450
1746, 1746, 1746
3317, 3317, 3317
5670, 5670, 5670
1229, 1229, 1229
830, 830, 830
1090, 1090, 1090
5369, 5369, 5369
3150, 3150, 3150
2634, 2634, 2634
5587, 5587, 5587
5149, 5149, 5149
4077, 4077, 4077
185, 185, 185
#, trajectory num :88
767, 767, 767
3317, 3317, 3317
485, 485, 485
43, 43, 43
1742, 1742, 1742
1748, 1748, 1748
763, 763, 763
5455, 5455, 5455
5319, 5319, 5319
3450, 3450, 3450
4391, 4391, 4391
769, 769, 769
5319, 5319, 5319
4048, 4048, 4048
46, 46, 46
485, 485, 485
586, 586, 586
485, 485, 485
586, 586, 586
485, 485, 485
3257, 3257, 3257
5952, 5952, 5952
#, trajectory num :89
4134, 4134, 4134
1856, 1856, 1856
2429, 2429, 2429
2429, 2429, 2429
5213, 5213, 5213
1785, 1785, 1785
1114, 1114, 1114
4882, 4882, 4882
991, 991, 991
5938, 5938, 5938
5938, 5938, 5938
4860, 4860, 4860
1513, 1513, 1513
2092, 2092, 2092
5257, 5257, 5257
3569, 3569, 3569
3569, 3569, 3569
2092, 2092, 2092
2436, 2436, 2436
2092, 2092, 2092
4964, 4964, 4964
5562, 5562, 5562
#, trajectory num :90
4327, 4327, 4327
3569, 3569, 3569
3174, 3174, 3174
3569, 3569, 3569
4751, 4751, 4751
611, 611, 611
12, 12, 12
3314, 3314, 3314
5494, 5494, 5494
4341, 4341, 4341
1349, 1349, 1349
2218, 2218, 2218
3367, 3367, 3367
2218, 2218, 2218
1113, 1113, 1113
3158, 3158, 3158
4803, 4803, 4803
4741, 4741, 4741
1626, 1626, 1626
1642, 1642, 1642
1690, 1690, 1690
5089, 5089, 5089
#, trajectory num :91
1775, 1775, 1775
3084, 3084, 3084
5867, 5867, 5867
4077, 4077, 4077
5867, 5867, 5867
5867, 5867, 5867
5867, 5867, 5867
5852, 5852, 5852
5852, 5852, 5852
3267, 3267, 3267
3267, 3267, 3267
4317, 4317, 4317
3784, 3784, 3784
4317, 4317, 4317
4317, 4317, 4317
4262, 4262, 4262
422, 422, 422
4476, 4476, 4476
4262, 4262, 4262
317, 317, 317
316, 316, 316
4262, 4262, 4262
#, trajectory num :92
3267, 3267, 3267
5843, 5843, 5843
4319, 4319, 4319
5027, 5027, 5027
427, 427, 427
443, 443, 443
304, 304, 304
4202, 4202, 4202
5346, 5346, 5346
304, 304, 304
250, 250, 250
2615, 2615, 2615
2615, 2615, 2615
250, 250, 250
250, 250, 250
2615, 2615, 2615
4470, 4470, 4470
2615, 2615, 2615
4257, 4257, 4257
4210, 4210, 4210
4475, 4475, 4475
2610, 2610, 2610
#, trajectory num :93
2436, 2436, 2436
2092, 2092, 2092
2222, 2222, 2222
3465, 3465, 3465
3435, 3435, 3435
4648, 4648, 4648
942, 942, 942
4825, 4825, 4825
3472, 3472, 3472
3675, 3675, 3675
3628, 3628, 3628
2245, 2245, 2245
4825, 4825, 4825
3745, 3745, 3745
5394, 5394, 5394
3178, 3178, 3178
2434, 2434, 2434
4995, 4995, 4995
2239, 2239, 2239
3062, 3062, 3062
3569, 3569, 3569
3569, 3569, 3569
#, trajectory num :94
5850, 5850, 5850
5576, 5576, 5576
2512, 2512, 2512
2512, 2512, 2512
4279, 4279, 4279
3310, 3310, 3310
3352, 3352, 3352
2538, 2538, 2538
4275, 4275, 4275
366, 366, 366
366, 366, 366
4169, 4169, 4169
422, 422, 422
422, 422, 422
4554, 4554, 4554
2678, 2678, 2678
151, 151, 151
2678, 2678, 2678
2678, 2678, 2678
4292, 4292, 4292
213, 213, 213
5845, 5845, 5845
#, trajectory num :95
3869, 3869, 3869
4293, 4293, 4293
5561, 5561, 5561
3801, 3801, 3801
5846, 5846, 5846
5561, 5561, 5561
4861, 4861, 4861
3267, 3267, 3267
4294, 4294, 4294
4860, 4860, 4860
2678, 2678, 2678
2690, 2690, 2690
2767, 2767, 2767
5379, 5379, 5379
5242, 5242, 5242
2678, 2678, 2678
2690, 2690, 2690
2690, 2690, 2690
5244, 5244, 5244
2678, 2678, 2678
2352, 2352, 2352
3464, 3464, 3464
#, trajectory num :96
2429, 2429, 2429
3700, 3700, 3700
3693, 3693, 3693
3693, 3693, 3693
4847, 4847, 4847
4883, 4883, 4883
5181, 5181, 5181
4886, 4886, 4886
863, 863, 863
863, 863, 863
4451, 4451, 4451
5187, 5187, 5187
3138, 3138, 3138
2854, 2854, 2854
1784, 1784, 1784
2738, 2738, 2738
1615, 1615, 1615
1205, 1205, 1205
3935, 3935, 3935
3935, 3935, 3935
3935, 3935, 3935
5786, 5786, 5786
#, trajectory num :97
2426, 2426, 2426
3246, 3246, 3246
3246, 3246, 3246
1114, 1114, 1114
993, 993, 993
4671, 4671, 4671
2832, 2832, 2832
2908, 2908, 2908
4667, 4667, 4667
3331, 3331, 3331
4956, 4956, 4956
4888, 4888, 4888
993, 993, 993
4668, 4668, 4668
4888, 4888, 4888
993, 993, 993
5738, 5738, 5738
874, 874, 874
2899, 2899, 2899
1060, 1060, 1060
874, 874, 874
4546, 4546, 4546
#, trajectory num :98
5851, 5851, 5851
4198, 4198, 4198
4317, 4317, 4317
5843, 5843, 5843
5843, 5843, 5843
5843, 5843, 5843
4317, 4317, 4317
4317, 4317, 4317
3850, 3850, 3850
4258, 4258, 4258
3850, 3850, 3850
494, 494, 494
4195, 4195, 4195
494, 494, 494
2276, 2276, 2276
4470, 4470, 4470
2300, 2300, 2300
3868, 3868, 3868
304, 304, 304
304, 304, 304
4470, 4470, 4470
3868, 3868, 3868
#, trajectory num :99
92, 92, 92
4613, 4613, 4613
2677, 2677, 2677
2791, 2791, 2791
89, 89, 89
92, 92, 92
4249, 4249, 4249
92, 92, 92
1924, 1924, 1924
92, 92, 92
387, 387, 387
92, 92, 92
5248, 5248, 5248
5248, 5248, 5248
92, 92, 92
92, 92, 92
129, 129, 129
136, 136, 136
2499, 2499, 2499
85, 85, 85
3818, 3818, 3818
2771, 2771, 2771
#, trajectory num :100
2429, 2429, 2429
5566, 5566, 5566
5957, 5957, 5957
5566, 5566, 5566
1854, 1854, 1854
1250, 1250, 1250
4075, 4075, 4075
5566, 5566, 5566
5566, 5566, 5566
5359, 5359, 5359
5359, 5359, 5359
5426, 5426, 5426
1697, 1697, 1697
5967, 5967, 5967
3690, 3690, 3690
3690, 3690, 3690
2431, 2431, 2431
5279, 5279, 5279
5175, 5175, 5175
5174, 5174, 5174
4766, 4766, 4766
5099, 5099, 5099
#, trajectory num :101
5566, 5566, 5566
3281, 3281, 3281
3576, 3576, 3576
5050, 5050, 5050
1651, 1651, 1651
1651, 1651, 1651
4694, 4694, 4694
4694, 4694, 4694
1290, 1290, 1290
742, 742, 742
1290, 1290, 1290
5800, 5800, 5800
1412, 1412, 1412
2093, 2093, 2093
627, 627, 627
5800, 5800, 5800
627, 627, 627
2017, 2017, 2017
5477, 5477, 5477
1775, 1775, 1775
5714, 5714, 5714
5567, 5567, 5567
#, trajectory num :102
1241, 1241, 1241
2924, 2924, 2924
3041, 3041, 3041
3041, 3041, 3041
5152, 5152, 5152
3041, 3041, 3041
5152, 5152, 5152
1228, 1228, 1228
3041, 3041, 3041
1811, 1811, 1811
1094, 1094, 1094
1231, 1231, 1231
1230, 1230, 1230
5717, 5717, 5717
5918, 5918, 5918
1427, 1427, 1427
1427, 1427, 1427
1239, 1239, 1239
1538, 1538, 1538
1249, 1249, 1249
1537, 1537, 1537
1620, 1620, 1620
#, trajectory num :103
3549, 3549, 3549
4563, 4563, 4563
4563, 4563, 4563
3894, 3894, 3894
2115, 2115, 2115
4563, 4563, 4563
1359, 1359, 1359
3549, 3549, 3549
1327, 1327, 1327
5373, 5373, 5373
1327, 1327, 1327
1327, 1327, 1327
5373, 5373, 5373
2997, 2997, 2997
3549, 3549, 3549
1327, 1327, 1327
1569, 1569, 1569
1327, 1327, 1327
1569, 1569, 1569
1419, 1419, 1419
598, 598, 598
5957, 5957, 5957
#, trajectory num :104
1737, 1737, 1737
1737, 1737, 1737
3225, 3225, 3225
1742, 1742, 1742
1739, 1739, 1739
1742, 1742, 1742
1742, 1742, 1742
3289, 3289, 3289
43, 43, 43
2980, 2980, 2980
5688, 5688, 5688
681, 681, 681
5688, 5688, 5688
1592, 1592, 1592
1722, 1722, 1722
2653, 2653, 2653
3439, 3439, 3439
4355, 4355, 4355
925, 925, 925
3070, 3070, 3070
3225, 3225, 3225
925, 925, 925
#, trajectory num :105
5843, 5843, 5843
4317, 4317, 4317
3850, 3850, 3850
5726, 5726, 5726
2307, 2307, 2307
415, 415, 415
60, 60, 60
2619, 2619, 2619
4439, 4439, 4439
175, 175, 175
2280, 2280, 2280
4609, 4609, 4609
5863, 5863, 5863
71, 71, 71
208, 208, 208
4132, 4132, 4132
4142, 4142, 4142
137, 137, 137
5863, 5863, 5863
255, 255, 255
4292, 4292, 4292
5845, 5845, 5845
#, trajectory num :106
5074, 5074, 5074
5549, 5549, 5549
2761, 2761, 2761
3567, 3567, 3567
3175, 3175, 3175
2983, 2983, 2983
3567, 3567, 3567
2434, 2434, 2434
2092, 2092, 2092
1513, 1513, 1513
3479, 3479, 3479
3479, 3479, 3479
2157, 2157, 2157
2082, 2082, 2082
5747, 5747, 5747
5257, 5257, 5257
4129, 4129, 4129
2434, 2434, 2434
2485, 2485, 2485
5383, 5383, 5383
5547, 5547, 5547
13, 13, 13
#, trajectory num :107
1774, 1774, 1774
1413, 1413, 1413
5846, 5846, 5846
5840, 5840, 5840
5846, 5846, 5846
5846, 5846, 5846
3266, 3266, 3266
2623, 2623, 2623
3850, 3850, 3850
4317, 4317, 4317
2623, 2623, 2623
4317, 4317, 4317
2623, 2623, 2623
2280, 2280, 2280
5843, 5843, 5843
2553, 2553, 2553
3784, 3784, 3784
5843, 5843, 5843
4173, 4173, 4173
2623, 2623, 2623
5726, 5726, 5726
4242, 4242, 4242
#, trajectory num :108
8, 8, 8
5562, 5562, 5562
5354, 5354, 5354
5354, 5354, 5354
5354, 5354, 5354
2983, 2983, 2983
4825, 4825, 4825
3659, 3659, 3659
4825, 4825, 4825
5623, 5623, 5623
5354, 5354, 5354
5538, 5538, 5538
5538, 5538, 5538
5385, 5385, 5385
5074, 5074, 5074
5538, 5538, 5538
5518, 5518, 5518
4755, 4755, 4755
5751, 5751, 5751
5752, 5752, 5752
4418, 4418, 4418
5078, 5078, 5078
#, trajectory num :109
4048, 4048, 4048
5455, 5455, 5455
5523, 5523, 5523
3997, 3997, 3997
2262, 2262, 2262
2898, 2898, 2898
787, 787, 787
2262, 2262, 2262
1582, 1582, 1582
5952, 5952, 5952
766, 766, 766
3317, 3317, 3317
766, 766, 766
1746, 1746, 1746
1746, 1746, 1746
766, 766, 766
1089, 1089, 1089
767, 767, 767
5670, 5670, 5670
5677, 5677, 5677
1090, 1090, 1090
770, 770, 770
#, trajectory num :110
3694, 3694, 3694
3639, 3639, 3639
2421, 2421, 2421
2425, 2425, 2425
2425, 2425, 2425
5663, 5663, 5663
2426, 2426, 2426
2429, 2429, 2429
3246, 3246, 3246
3255, 3255, 3255
3139, 3139, 3139
3700, 3700, 3700
3697, 3697, 3697
5177, 5177, 5177
2962, 2962, 2962
3225, 3225, 3225
2989, 2989, 2989
3225, 3225, 3225
485, 485, 485
2898, 2898, 2898
5369, 5369, 5369
5952, 5952, 5952
#, trajectory num :111
3324, 3324, 3324
4180, 4180, 4180
5591, 5591, 5591
5864, 5864, 5864
3267, 3267, 3267
3784, 3784, 3784
4317, 4317, 4317
4297, 4297, 4297
4317, 4317, 4317
4467, 4467, 4467
2623, 2623, 2623
4317, 4317, 4317
5843, 5843, 5843
5843, 5843, 5843
5843, 5843, 5843
3616, 3616, 3616
3267, 3267, 3267
3267, 3267, 3267
2919, 2919, 2919
3150, 3150, 3150
3267, 3267, 3267
5670, 5670, 5670
#, trajectory num :112
4134, 4134, 4134
4134, 4134, 4134
2859, 2859, 2859
5864, 5864, 5864
5854, 5854, 5854
4180, 4180, 4180
3246, 3246, 3246
5591, 5591, 5591
5591, 5591, 5591
5845, 5845, 5845
3869, 3869, 3869
3869, 3869, 3869
5403, 5403, 5403
5403, 5403, 5403
1217, 1217, 1217
1123, 1123, 1123
1124, 1124, 1124
3255, 3255, 3255
5859, 5859, 5859
4680, 4680, 4680
3251, 3251, 3251
963, 963, 963
#, trajectory num :113
3573, 3573, 3573
598, 598, 598
1659, 1659, 1659
2095, 2095, 2095
598, 598, 598
994, 994, 994
259, 259, 259
2095, 2095, 2095
3037, 3037, 3037
5506, 5506, 5506
3358, 3358, 3358
3415, 3415, 3415
3141, 3141, 3141
5360, 5360, 5360
2066, 2066, 2066
1695, 1695, 1695
1695, 1695, 1695
3277, 3277, 3277
3317, 3317, 3317
1089, 1089, 1089
4732, 4732, 4732
1695, 1695, 1695
#, trajectory num :114
3685, 3685, 3685
4341, 4341, 4341
3314, 3314, 3314
3105, 3105, 3105
5622, 5622, 5622
2982, 2982, 2982
3629, 3629, 3629
4128, 4128, 4128
5755, 5755, 5755
4755, 4755, 4755
4324, 4324, 4324
10, 10, 10
3314, 3314, 3314
3314, 3314, 3314
12, 12, 12
3314, 3314, 3314
2162, 2162, 2162
12, 12, 12
4335, 4335, 4335
5560, 5560, 5560
5560, 5560, 5560
831, 831, 831
#, trajectory num :115
3550, 3550, 3550
4565, 4565, 4565
3433, 3433, 3433
50, 50, 50
2204, 2204, 2204
5774, 5774, 5774
3156, 3156, 3156
2202, 2202, 2202
5764, 5764, 5764
5774, 5774, 5774
5764, 5764, 5764
4649, 4649, 4649
5640, 5640, 5640
5773, 5773, 5773
3375, 3375, 3375
3552, 3552, 3552
5640, 5640, 5640
4827, 4827, 4827
4341, 4341, 4341
4341, 4341, 4341
5354, 5354, 5354
4649, 4649, 4649
#, trajectory num :116
2425, 2425, 2425
1727, 1727, 1727
6023, 6023, 6023
1727, 1727, 1727
4812, 4812, 4812
2821, 2821, 2821
4812, 4812, 4812
4812, 4812, 4812
5338, 5338, 5338
5338, 5338, 5338
4282, 4282, 4282
4283, 4283, 4283
5577, 5577, 5577
314, 314, 314
4280, 4280, 4280
3312, 3312, 3312
4279, 4279, 4279
4280, 4280, 4280
3312, 3312, 3312
4281, 4281, 4281
3312, 3312, 3312
4263, 4263, 4263
#, trajectory num :117
1854, 1854, 1854
3255, 3255, 3255
1119, 1119, 1119
5954, 5954, 5954
5954, 5954, 5954
3276, 3276, 3276
586, 586, 586
3225, 3225, 3225
1733, 1733, 1733
3994, 3994, 3994
1739, 1739, 1739
5174, 5174, 5174
569, 569, 569
586, 586, 586
580, 580, 580
1647, 1647, 1647
5520, 5520, 5520
586, 586, 586
2980, 2980, 2980
569, 569, 569
1187, 1187, 1187
1189, 1189, 1189
#, trajectory num :118
3312, 3312, 3312
4282, 4282, 4282
498, 498, 498
453, 453, 453
498, 498, 498
2469, 2469, 2469
2538, 2538, 2538
4275, 4275, 4275
453, 453, 453
451, 451, 451
2281, 2281, 2281
424, 424, 424
4259, 4259, 4259
4257, 4257, 4257
423, 423, 423
424, 424, 424
4475, 4475, 4475
4170, 4170, 4170
4475, 4475, 4475
282, 282, 282
258, 258, 258
258, 258, 258
#, trajectory num :119
5957, 5957, 5957
2417, 2417, 2417
5200, 5200, 5200
1612, 1612, 1612
5666, 5666, 5666
1785, 1785, 1785
3134, 3134, 3134
3133, 3133, 3133
4709, 4709, 4709
586, 586, 586
1029, 1029, 1029
4927, 4927, 4927
563, 563, 563
787, 787, 787
2987, 2987, 2987
878, 878, 878
3446, 3446, 3446
5693, 5693, 5693
3439, 3439, 3439
3199, 3199, 3199
3441, 3441, 3441
1322, 1322, 1322
#, trajectory num :120
2066, 2066, 2066
4707, 4707, 4707
3228, 3228, 3228
586, 586, 586
749, 749, 749
2898, 2898, 2898
4710, 4710, 4710
4709, 4709, 4709
4709, 4709, 4709
3895, 3895, 3895
2898, 2898, 2898
583, 583, 583
3029, 3029, 3029
3201, 3201, 3201
3135, 3135, 3135
3132, 3132, 3132
1124, 1124, 1124
3139, 3139, 3139
3250, 3250, 3250
5663, 5663, 5663
5200, 5200, 5200
2429, 2429, 2429
#, trajectory num :121
185, 185, 185
4262, 4262, 4262
2290, 2290, 2290
2290, 2290, 2290
4656, 4656, 4656
4656, 4656, 4656
2119, 2119, 2119
2118, 2118, 2118
4818, 4818, 4818
3892, 3892, 3892
4818, 4818, 4818
4493, 4493, 4493
4493, 4493, 4493
4653, 4653, 4653
4493, 4493, 4493
1276, 1276, 1276
5434, 5434, 5434
1276, 1276, 1276
4653, 4653, 4653
4654, 4654, 4654
2820, 2820, 2820
4813, 4813, 4813
#, trajectory num :122
4848, 4848, 4848
1612, 1612, 1612
3107, 3107, 3107
1214, 1214, 1214
5733, 5733, 5733
4671, 4671, 4671
4671, 4671, 4671
3135, 3135, 3135
3135, 3135, 3135
806, 806, 806
4546, 4546, 4546
5859, 5859, 5859
4709, 4709, 4709
3256, 3256, 3256
3336, 3336, 3336
5668, 5668, 5668
979, 979, 979
3301, 3301, 3301
979, 979, 979
2263, 2263, 2263
5954, 5954, 5954
4680, 4680, 4680
#, trajectory num :123
1488, 1488, 1488
2548, 2548, 2548
2548, 2548, 2548
2548, 2548, 2548
2548, 2548, 2548
2507, 2507, 2507
2548, 2548, 2548
3358, 3358, 3358
186, 186, 186
5957, 5957, 5957
5566, 5566, 5566
2859, 2859, 2859
1856, 1856, 1856
2429, 2429, 2429
5790, 5790, 5790
5790, 5790, 5790
2859, 2859, 2859
5957, 5957, 5957
2429, 2429, 2429
2429, 2429, 2429
1856, 1856, 1856
1856, 1856, 1856
#, trajectory num :124
5074, 5074, 5074
3314, 3314, 3314
610, 610, 610
5049, 5049, 5049
10, 10, 10
5049, 5049, 5049
5049, 5049, 5049
5751, 5751, 5751
5074, 5074, 5074
8, 8, 8
2092, 2092, 2092
3314, 3314, 3314
3314, 3314, 3314
3685, 3685, 3685
3685, 3685, 3685
3685, 3685, 3685
3375, 3375, 3375
3375, 3375, 3375
3286, 3286, 3286
1108, 1108, 1108
2871, 2871, 2871
2670, 2670, 2670
#, trajectory num :125
1860, 1860, 1860
2429, 2429, 2429
5200, 5200, 5200
5200, 5200, 5200
2421, 2421, 2421
2421, 2421, 2421
3700, 3700, 3700
3693, 3693, 3693
3246, 3246, 3246
1072, 1072, 1072
1072, 1072, 1072
1205, 1205, 1205
2858, 2858, 2858
2417, 2417, 2417
2421, 2421, 2421
3281, 3281, 3281
1359, 1359, 1359
1327, 1327, 1327
2939, 2939, 2939
6000, 6000, 6000
887, 887, 887
5311, 5311, 5311
#, trajectory num :126
5507, 5507, 5507
3516, 3516, 3516
4765, 4765, 4765
1692, 1692, 1692
4217, 4217, 4217
4867, 4867, 4867
2997, 2997, 2997
2997, 2997, 2997
2272, 2272, 2272
634, 634, 634
3281, 3281, 3281
1569, 1569, 1569
3281, 3281, 3281
1071, 1071, 1071
4563, 4563, 4563
1726, 1726, 1726
6045, 6045, 6045
6045, 6045, 6045
2818, 2818, 2818
6045, 6045, 6045
2120, 2120, 2120
5786, 5786, 5786
#, trajectory num :127
833, 833, 833
3317, 3317, 3317
1582, 1582, 1582
873, 873, 873
43, 43, 43
5455, 5455, 5455
4049, 4049, 4049
3997, 3997, 3997
2960, 2960, 2960
3899, 3899, 3899
3447, 3447, 3447
3439, 3439, 3439
3225, 3225, 3225
1739, 1739, 1739
3993, 3993, 3993
3225, 3225, 3225
2987, 2987, 2987
3276, 3276, 3276
3256, 3256, 3256
485, 485, 485
873, 873, 873
2066, 2066, 2066
#, trajectory num :128
2429, 2429, 2429
2429, 2429, 2429
2429, 2429, 2429
1778, 1778, 1778
3246, 3246, 3246
3246, 3246, 3246
5666, 5666, 5666
3246, 3246, 3246
1778, 1778, 1778
1614, 1614, 1614
1612, 1612, 1612
1785, 1785, 1785
3134, 3134, 3134
1614, 1614, 1614
4888, 4888, 4888
863, 863, 863
4536, 4536, 4536
5181, 5181, 5181
1611, 1611, 1611
848, 848, 848
5938, 5938, 5938
1612, 1612, 1612
#, trajectory num :129
3868, 3868, 3868
5842, 5842, 5842
3867, 3867, 3867
253, 253, 253
301, 301, 301
67, 67, 67
301, 301, 301
260, 260, 260
3885, 3885, 3885
271, 271, 271
5348, 5348, 5348
5348, 5348, 5348
342, 342, 342
342, 342, 342
329, 329, 329
432, 432, 432
3837, 3837, 3837
5338, 5338, 5338
250, 250, 250
258, 258, 258
220, 220, 220
213, 213, 213
#, trajectory num :130
8, 8, 8
3586, 3586, 3586
4751, 4751, 4751
3314, 3314, 3314
5622, 5622, 5622
3567, 3567, 3567
3568, 3568, 3568
3652, 3652, 3652
3652, 3652, 3652
4649, 4649, 4649
5330, 5330, 5330
4826, 4826, 4826
4649, 4649, 4649
3734, 3734, 3734
3734, 3734, 3734
528, 528, 528
1929, 1929, 1929
3102, 3102, 3102
3217, 3217, 3217
2352, 2352, 2352
4292, 4292, 4292
2352, 2352, 2352
#, trajectory num :131
5282, 5282, 5282
5679, 5679, 5679
3083, 3083, 3083
1127, 1127, 1127
1502, 1502, 1502
1502, 1502, 1502
1502, 1502, 1502
914, 914, 914
1599, 1599, 1599
665, 665, 665
3051, 3051, 3051
1505, 1505, 1505
2644, 2644, 2644
996, 996, 996
1812, 1812, 1812
1247, 1247, 1247
1247, 1247, 1247
4131, 4131, 4131
5677, 5677, 5677
1683, 1683, 1683
768, 768, 768
722, 722, 722
#, trajectory num :132
5312, 5312, 5312
4700, 4700, 4700
6041, 6041, 6041
1651, 1651, 1651
5312, 5312, 5312
4535, 4535, 4535
1345, 1345, 1345
5987, 5987, 5987
5811, 5811, 5811
4080, 4080, 4080
2350, 2350, 2350
4188, 4188, 4188
270, 270, 270
2605, 2605, 2605
67, 67, 67
67, 67, 67
3882, 3882, 3882
221, 221, 221
221, 221, 221
218, 218, 218
3855, 3855, 3855
220, 220, 220
#, trajectory num :133
3932, 3932, 3932
1730, 1730, 1730
5438, 5438, 5438
2736, 2736, 2736
5656, 5656, 5656
5911, 5911, 5911
1075, 1075, 1075
1075, 1075, 1075
3026, 3026, 3026
1728, 1728, 1728
5985, 5985, 5985
5985, 5985, 5985
1276, 1276, 1276
2822, 2822, 2822
5022, 5022, 5022
408, 408, 408
5022, 5022, 5022
408, 408, 408
5577, 5577, 5577
4291, 4291, 4291
5020, 5020, 5020
5825, 5825, 5825
#, trajectory num :134
4293, 4293, 4293
137, 137, 137
3876, 3876, 3876
3832, 3832, 3832
301, 301, 301
97, 97, 97
3864, 3864, 3864
432, 432, 432
432, 432, 432
5338, 5338, 5338
5338, 5338, 5338
2122, 2122, 2122
5338, 5338, 5338
5585, 5585, 5585
5338, 5338, 5338
2117, 2117, 2117
5957, 5957, 5957
2415, 2415, 2415
2859, 2859, 2859
3637, 3637, 3637
5213, 5213, 5213
848, 848, 848
#, trajectory num :135
3415, 3415, 3415
5828, 5828, 5828
3976, 3976, 3976
2891, 2891, 2891
3367, 3367, 3367
2218, 2218, 2218
2888, 2888, 2888
474, 474, 474
2217, 2217, 2217
2725, 2725, 2725
2211, 2211, 2211
2130, 2130, 2130
2040, 2040, 2040
1706, 1706, 1706
2212, 2212, 2212
2560, 2560, 2560
2236, 2236, 2236
2213, 2213, 2213
2238, 2238, 2238
3977, 3977, 3977
2670, 2670, 2670
3516, 3516, 3516
#, trajectory num :136
561, 561, 561
681, 681, 681
3117, 3117, 3117
2941, 2941, 2941
557, 557, 557
567, 567, 567
699, 699, 699
1580, 1580, 1580
1723, 1723, 1723
3289, 3289, 3289
3517, 3517, 3517
1742, 1742, 1742
5177, 5177, 5177
3228, 3228, 3228
4709, 4709, 4709
1187, 1187, 1187
1227, 1227, 1227
3254, 3254, 3254
3324, 3324, 3324
833, 833, 833
1695, 1695, 1695
5369, 5369, 5369
#, trajectory num :137
5852, 5852, 5852
5843, 5843, 5843
4263, 4263, 4263
2530, 2530, 2530
2507, 2507, 2507
3312, 3312, 3312
5022, 5022, 5022
2511, 2511, 2511
5577, 5577, 5577
1467, 1467, 1467
5434, 5434, 5434
5434, 5434, 5434
5434, 5434, 5434
1276, 1276, 1276
1276, 1276, 1276
2821, 2821, 2821
2818, 2818, 2818
5779, 5779, 5779
2818, 2818, 2818
5909, 5909, 5909
2411, 2411, 2411
1730, 1730, 1730
#, trajectory num :138
2547, 2547, 2547
4294, 4294, 4294
4294, 4294, 4294
5561, 5561, 5561
3585, 3585, 3585
5543, 5543, 5543
3466, 3466, 3466
2188, 2188, 2188
3569, 3569, 3569
3102, 3102, 3102
5623, 5623, 5623
2245, 2245, 2245
2982, 2982, 2982
5623, 5623, 5623
3314, 3314, 3314
2436, 2436, 2436
5506, 5506, 5506
12, 12, 12
8, 8, 8
5538, 5538, 5538
2252, 2252, 2252
2932, 2932, 2932
#, trajectory num :139
4548, 4548, 4548
1060, 1060, 1060
1265, 1265, 1265
798, 798, 798
727, 727, 727
804, 804, 804
1305, 1305, 1305
3380, 3380, 3380
789, 789, 789
564, 564, 564
3383, 3383, 3383
5521, 5521, 5521
4511, 4511, 4511
579, 579, 579
584, 584, 584
1031, 1031, 1031
1061, 1061, 1061
3257, 3257, 3257
4016, 4016, 4016
3335, 3335, 3335
3716, 3716, 3716
3324, 3324, 3324
#, trajectory num :140
2429, 2429, 2429
2429, 2429, 2429
2429, 2429, 2429
2429, 2429, 2429
1856, 1856, 1856
1853, 1853, 1853
4891, 4891, 4891
3722, 3722, 3722
1802, 1802, 1802
5733, 5733, 5733
4671, 4671, 4671
37, 37, 37
3226, 3226, 3226
3228, 3228, 3228
3225, 3225, 3225
787, 787, 787
561, 561, 561
1587, 1587, 1587
2648, 2648, 2648
570, 570, 570
3441, 3441, 3441
883, 883, 883
#, trajectory num :141
5475, 5475, 5475
5475, 5475, 5475
4057, 4057, 4057
893, 893, 893
4149, 4149, 4149
6003, 6003, 6003
4149, 4149, 4149
5652, 5652, 5652
3199, 3199, 3199
2864, 2864, 2864
6002, 6002, 6002
1014, 1014, 1014
3279, 3279, 3279
1301, 1301, 1301
3277, 3277, 3277
2066, 2066, 2066
2066, 2066, 2066
3327, 3327, 3327
1860, 1860, 1860
1859, 1859, 1859
1860, 1860, 1860
1854, 1854, 1854
#, trajectory num :142
3266, 3266, 3266
5852, 5852, 5852
3784, 3784, 3784
4258, 4258, 4258
5843, 5843, 5843
4298, 4298, 4298
4298, 4298, 4298
422, 422, 422
319, 319, 319
2290, 2290, 2290
2763, 2763, 2763
2284, 2284, 2284
311, 311, 311
2283, 2283, 2283
4280, 4280, 4280
2512, 2512, 2512
2512, 2512, 2512
2507, 2507, 2507
2507, 2507, 2507
1690, 1690, 1690
2507, 2507, 2507
2259, 2259, 2259
#, trajectory num :143
2415, 2415, 2415
3868, 3868, 3868
494, 494, 494
422, 422, 422
4285, 4285, 4285
308, 308, 308
4476, 4476, 4476
4255, 4255, 4255
321, 321, 321
308, 308, 308
2284, 2284, 2284
2284, 2284, 2284
2286, 2286, 2286
2288, 2288, 2288
2284, 2284, 2284
308, 308, 308
2288, 2288, 2288
311, 311, 311
2512, 2512, 2512
2288, 2288, 2288
5022, 5022, 5022
5576, 5576, 5576
#, trajectory num :144
12, 12, 12
13, 13, 13
5756, 5756, 5756
1902, 1902, 1902
1936, 1936, 1936
2455, 2455, 2455
4486, 4486, 4486
121, 121, 121
4296, 4296, 4296
2352, 2352, 2352
2352, 2352, 2352
2352, 2352, 2352
2678, 2678, 2678
4478, 4478, 4478
2686, 2686, 2686
121, 121, 121
4128, 4128, 4128
4128, 4128, 4128
4420, 4420, 4420
5073, 5073, 5073
617, 617, 617
5518, 5518, 5518
#, trajectory num :145
1191, 1191, 1191
570, 570, 570
5523, 5523, 5523
5652, 5652, 5652
4357, 4357, 4357
3075, 3075, 3075
2653, 2653, 2653
558, 558, 558
4922, 4922, 4922
45, 45, 45
1742, 1742, 1742
2980, 2980, 2980
1582, 1582, 1582
833, 833, 833
1089, 1089, 1089
722, 722, 722
5957, 5957, 5957
2859, 2859, 2859
1072, 1072, 1072
2859, 2859, 2859
2415, 2415, 2415
1072, 1072, 1072
#, trajectory num :146
2117, 2117, 2117
5147, 5147, 5147
4283, 4283, 4283
3312, 3312, 3312
3312, 3312, 3312
4273, 4273, 4273
3825, 3825, 3825
2539, 2539, 2539
2529, 2529, 2529
2283, 2283, 2283
4270, 4270, 4270
4270, 4270, 4270
4288, 4288, 4288
320, 320, 320
319, 319, 319
4474, 4474, 4474
493, 493, 493
282, 282, 282
419, 419, 419
2614, 2614, 2614
1553, 1553, 1553
4320, 4320, 4320
#, trajectory num :147
1854, 1854, 1854
2429, 2429, 2429
2429, 2429, 2429
3324, 3324, 3324
1854, 1854, 1854
2429, 2429, 2429
2429, 2429, 2429
5957, 5957, 5957
5566, 5566, 5566
215, 215, 215
5566, 5566, 5566
1620, 1620, 1620
5678, 5678, 5678
1160, 1160, 1160
3040, 3040, 3040
5678, 5678, 5678
5717, 5717, 5717
1620, 1620, 1620
5566, 5566, 5566
5566, 5566, 5566
1426, 1426, 1426
5566, 5566, 5566
#, trajectory num :148
3150, 3150, 3150
1001, 1001, 1001
830, 830, 830
1695, 1695, 1695
3536, 3536, 3536
4095, 4095, 4095
2100, 2100, 2100
3141, 3141, 3141
2259, 2259, 2259
3976, 3976, 3976
3153, 3153, 3153
2581, 2581, 2581
2517, 2517, 2517
410, 410, 410
2796, 2796, 2796
2796, 2796, 2796
2796, 2796, 2796
2507, 2507, 2507
1590, 1590, 1590
3509, 3509, 3509
5731, 5731, 5731
5731, 5731, 5731
#, trajectory num :149
2429, 2429, 2429
1854, 1854, 1854
2429, 2429, 2429
1854, 1854, 1854
833, 833, 833
1860, 1860, 1860
4800, 4800, 4800
1681, 1681, 1681
979, 979, 979
1681, 1681, 1681
1681, 1681, 1681
1682, 1682, 1682
41, 41, 41
41, 41, 41
2071, 2071, 2071
1681, 1681, 1681
3324, 3324, 3324
979, 979, 979
3297, 3297, 3297
1083, 1083, 1083
5565, 5565, 5565
4083, 4083, 4083
#, trajectory num :150
2924, 2924, 2924
5847, 5847, 5847
5587, 5587, 5587
2259, 2259, 2259
2259, 2259, 2259
2100, 2100, 2100
5363, 5363, 5363
5363, 5363, 5363
5366, 5366, 5366
1592, 1592, 1592
2940, 2940, 2940
1590, 1590, 1590
1590, 1590, 1590
2431, 2431, 2431
6051, 6051, 6051
1771, 1771, 1771
1485, 1485, 1485
1488, 1488, 1488
5867, 5867, 5867
5313, 5313, 5313
2924, 2924, 2924
1017, 1017, 1017
#, trajectory num :151
5866, 5866, 5866
5726, 5726, 5726
3801, 3801, 3801
2678, 2678, 2678
220, 220, 220
2678, 2678, 2678
4981, 4981, 4981
3217, 3217, 3217
2503, 2503, 2503
2503, 2503, 2503
3217, 3217, 3217
3217, 3217, 3217
1901, 1901, 1901
1936, 1936, 1936
3601, 3601, 3601
5354, 5354, 5354
5354, 5354, 5354
2092, 2092, 2092
2983, 2983, 2983
3100, 3100, 3100
3662, 3662, 3662
2983, 2983, 2983
#, trajectory num :152
2426, 2426, 2426
1205, 1205, 1205
839, 839, 839
5211, 5211, 5211
1205, 1205, 1205
5211, 5211, 5211
1205, 1205, 1205
2411, 2411, 2411
2420, 2420, 2420
6018, 6018, 6018
5983, 5983, 5983
1727, 1727, 1727
2822, 2822, 2822
4654, 4654, 4654
5434, 5434, 5434
4654, 4654, 4654
1276, 1276, 1276
5434, 5434, 5434
2822, 2822, 2822
4490, 4490, 4490
3374, 3374, 3374
2413, 2413, 2413
#, trajectory num :153
6051, 6051, 6051
2213, 2213, 2213
2527, 2527, 2527
3310, 3310, 3310
2510, 2510, 2510
2511, 2511, 2511
2510, 2510, 2510
3826, 3826, 3826
2516, 2516, 2516
2516, 2516, 2516
2516, 2516, 2516
2211, 2211, 2211
4720, 4720, 4720
2218, 2218, 2218
1644, 1644, 1644
2218, 2218, 2218
2204, 2204, 2204
3375, 3375, 3375
4019, 4019, 4019
3550, 3550, 3550
1756, 1756, 1756
5090, 5090, 5090
#, trajectory num :154
1756, 1756, 1756
2670, 2670, 2670
2238, 2238, 2238
1113, 1113, 1113
5765, 5765, 5765
3977, 3977, 3977
2877, 2877, 2877
3973, 3973, 3973
3973, 3973, 3973
3978, 3978, 3978
2213, 2213, 2213
3845, 3845, 3845
5765, 5765, 5765
5765, 5765, 5765
2506, 2506, 2506
3973, 3973, 3973
2235, 2235, 2235
3360, 3360, 3360
3974, 3974, 3974
4018, 4018, 4018
2871, 2871, 2871
5534, 5534, 5534
#, trajectory num :155
3569, 3569, 3569
5623, 5623, 5623
2982, 2982, 2982
2982, 2982, 2982
3062, 3062, 3062
5623, 5623, 5623
5622, 5622, 5622
3098, 3098, 3098
3684, 3684, 3684
3472, 3472, 3472
3766, 3766, 3766
4827, 4827, 4827
529, 529, 529
4999, 4999, 4999
3552, 3552, 3552
2232, 2232, 2232
2230, 2230, 2230
517, 517, 517
1950, 1950, 1950
4341, 4341, 4341
4827, 4827, 4827
5494, 5494, 5494
#, trajectory num :156
2070, 2070, 2070
1089, 1089, 1089
830, 830, 830
1090, 1090, 1090
768, 768, 768
3262, 3262, 3262
5675, 5675, 5675
1084, 1084, 1084
5670, 5670, 5670
5669, 5669, 5669
1161, 1161, 1161
1812, 1812, 1812
5670, 5670, 5670
1746, 1746, 1746
5671, 5671, 5671
1154, 1154, 1154
3150, 3150, 3150
2923, 2923, 2923
5714, 5714, 5714
5152, 5152, 5152
5677, 5677, 5677
5565, 5565, 5565
#, trajectory num :157
5523, 5523, 5523
1191, 1191, 1191
5475, 5475, 5475
3441, 3441, 3441
1191, 1191, 1191
2645, 2645, 2645
2980, 2980, 2980
5966, 5966, 5966
2987, 2987, 2987
5176, 5176, 5176
1285, 1285, 1285
563, 563, 563
563, 563, 563
2959, 2959, 2959
2959, 2959, 2959
1029, 1029, 1029
3228, 3228, 3228
4709, 4709, 4709
4709, 4709, 4709
2066, 2066, 2066
3326, 3326, 3326
833, 833, 833
#, trajectory num :158
213, 213, 213
3864, 3864, 3864
3862, 3862, 3862
432, 432, 432
342, 342, 342
3861, 3861, 3861
3861, 3861, 3861
97, 97, 97
4312, 4312, 4312
4235, 4235, 4235
219, 219, 219
2693, 2693, 2693
3861, 3861, 3861
3832, 3832, 3832
66, 66, 66
61, 61, 61
3781, 3781, 3781
4203, 4203, 4203
5863, 5863, 5863
4210, 4210, 4210
5861, 5861, 5861
5864, 5864, 5864
#, trajectory num :159
2417, 2417, 2417
2116, 2116, 2116
2417, 2417, 2417
2140, 2140, 2140
2140, 2140, 2140
2415, 2415, 2415
3640, 3640, 3640
6019, 6019, 6019
6019, 6019, 6019
4815, 4815, 4815
5143, 5143, 5143
186, 186, 186
6024, 6024, 6024
5020, 5020, 5020
3508, 3508, 3508
2530, 2530, 2530
3312, 3312, 3312
5577, 5577, 5577
2530, 2530, 2530
2507, 2507, 2507
185, 185, 185
3694, 3694, 3694
#, trajectory num :160
5584, 5584, 5584
4317, 4317, 4317
4258, 4258, 4258
3863, 3863, 3863
4188, 4188, 4188
437, 437, 437
400, 400, 400
3816, 3816, 3816
3097, 3097, 3097
3097, 3097, 3097
3097, 3097, 3097
6026, 6026, 6026
2065, 2065, 2065
1567, 1567, 1567
5129, 5129, 5129
886, 886, 886
889, 889, 889
4627, 4627, 4627
2864, 2864, 2864
3277, 3277, 3277
1322, 1322, 1322
1322, 1322, 1322
#, trajectory num :161
4703, 4703, 4703
1114, 1114, 1114
1116, 1116, 1116
1116, 1116, 1116
4015, 4015, 4015
3139, 3139, 3139
1780, 1780, 1780
1114, 1114, 1114
3255, 3255, 3255
1126, 1126, 1126
1123, 1123, 1123
1778, 1778, 1778
3249, 3249, 3249
4882, 4882, 4882
1121, 1121, 1121
1122, 1122, 1122
3139, 3139, 3139
1778, 1778, 1778
3249, 3249, 3249
3255, 3255, 3255
1854, 1854, 1854
4077, 4077, 4077
#, trajectory num :162
598, 598, 598
886, 886, 886
1672, 1672, 1672
4691, 4691, 4691
505, 505, 505
6035, 6035, 6035
909, 909, 909
4878, 4878, 4878
4385, 4385, 4385
970, 970, 970
6036, 6036, 6036
4783, 4783, 4783
2884, 2884, 2884
2379, 2379, 2379
5344, 5344, 5344
1761, 1761, 1761
1746, 1746, 1746
1659, 1659, 1659
825, 825, 825
1775, 1775, 1775
598, 598, 598
645, 645, 645
#, trajectory num :163
4263, 4263, 4263
4169, 4169, 4169
4283, 4283, 4283
2288, 2288, 2288
2288, 2288, 2288
2288, 2288, 2288
316, 316, 316
4476, 4476, 4476
319, 319, 319
4173, 4173, 4173
4172, 4172, 4172
4473, 4473, 4473
4258, 4258, 4258
4319, 4319, 4319
2624, 2624, 2624
2305, 2305, 2305
2451, 2451, 2451
256, 256, 256
175, 175, 175
2619, 2619, 2619
2300, 2300, 2300
4319, 4319, 4319
#, trajectory num :164
3246, 3246, 3246
1856, 1856, 1856
3247, 3247, 3247
3246, 3246, 3246
3247, 3247, 3247
3247, 3247, 3247
3247, 3247, 3247
3247, 3247, 3247
1126, 1126, 1126
1126, 1126, 1126
3249, 3249, 3249
1117, 1117, 1117
3249, 3249, 3249
1778, 1778, 1778
1122, 1122, 1122
5943, 5943, 5943
3249, 3249, 3249
1780, 1780, 1780
5859, 5859, 5859
3327, 3327, 3327
3246, 3246, 3246
2429, 2429, 2429
#, trajectory num :165
5200, 5200, 5200
5790, 5790, 5790
5200, 5200, 5200
3246, 3246, 3246
1778, 1778, 1778
3247, 3247, 3247
1860, 1860, 1860
41, 41, 41
4703, 4703, 4703
3324, 3324, 3324
830, 830, 830
1854, 1854, 1854
3324, 3324, 3324
2429, 2429, 2429
5292, 5292, 5292
2417, 2417, 2417
5294, 5294, 5294
1205, 1205, 1205
5211, 5211, 5211
1205, 1205, 1205
1730, 1730, 1730
5957, 5957, 5957
#, trajectory num :166
4057, 4057, 4057
1695, 1695, 1695
3279, 3279, 3279
3279, 3279, 3279
766, 766, 766
3450, 3450, 3450
3054, 3054, 3054
5281, 5281, 5281
3450, 3450, 3450
1746, 1746, 1746
3054, 3054, 3054
5282, 5282, 5282
5670, 5670, 5670
3370, 3370, 3370
1157, 1157, 1157
3370, 3370, 3370
1812, 1812, 1812
5675, 5675, 5675
3252, 3252, 3252
1229, 1229, 1229
3297, 3297, 3297
3317, 3317, 3317
#, trajectory num :167
5338, 5338, 5338
494, 494, 494
2290, 2290, 2290
2290, 2290, 2290
2281, 2281, 2281
311, 311, 311
4283, 4283, 4283
311, 311, 311
311, 311, 311
452, 452, 452
2281, 2281, 2281
452, 452, 452
311, 311, 311
311, 311, 311
2283, 2283, 2283
3352, 3352, 3352
4169, 4169, 4169
5023, 5023, 5023
4169, 4169, 4169
4169, 4169, 4169
3212, 3212, 3212
2548, 2548, 2548
#, trajectory num :168
4751, 4751, 4751
3585, 3585, 3585
3414, 3414, 3414
5253, 5253, 5253
4127, 4127, 4127
3601, 3601, 3601
4963, 4963, 4963
3600, 3600, 3600
4486, 4486, 4486
3218, 3218, 3218
5245, 5245, 5245
2460, 2460, 2460
5249, 5249, 5249
2463, 2463, 2463
5819, 5819, 5819
2474, 2474, 2474
4984, 4984, 4984
126, 126, 126
2767, 2767, 2767
2352, 2352, 2352
2352, 2352, 2352
5481, 5481, 5481
#, trajectory num :169
4421, 4421, 4421
611, 611, 611
4325, 4325, 4325
3657, 3657, 3657
3657, 3657, 3657
3684, 3684, 3684
4827, 4827, 4827
4649, 4649, 4649
2866, 2866, 2866
4829, 4829, 4829
5640, 5640, 5640
1984, 1984, 1984
4824, 4824, 4824
3168, 3168, 3168
2220, 2220, 2220
5317, 5317, 5317
1942, 1942, 1942
1358, 1358, 1358
3479, 3479, 3479
5252, 5252, 5252
2242, 2242, 2242
2245, 2245, 2245
#, trajectory num :170
5843, 5843, 5843
3784, 3784, 3784
4317, 4317, 4317
4198, 4198, 4198
3854, 3854, 3854
2619, 2619, 2619
4206, 4206, 4206
4259, 4259, 4259
4474, 4474, 4474
4262, 4262, 4262
314, 314, 314
4280, 4280, 4280
4280, 4280, 4280
4283, 4283, 4283
4267, 4267, 4267
2507, 2507, 2507
4280, 4280, 4280
5847, 5847, 5847
2507, 2507, 2507
5847, 5847, 5847
5847, 5847, 5847
5852, 5852, 5852
#, trajectory num :171
2982, 2982, 2982
3569, 3569, 3569
2188, 2188, 2188
2594, 2594, 2594
2244, 2244, 2244
1937, 1937, 1937
2597, 2597, 2597
3489, 3489, 3489
3179, 3179, 3179
3629, 3629, 3629
4127, 4127, 4127
5124, 5124, 5124
5759, 5759, 5759
4713, 4713, 4713
5759, 5759, 5759
5821, 5821, 5821
2769, 2769, 2769
4296, 4296, 4296
4132, 4132, 4132
4132, 4132, 4132
2549, 2549, 2549
2547, 2547, 2547
#, trajectory num :172
5494, 5494, 5494
3684, 3684, 3684
1868, 1868, 1868
3766, 3766, 3766
4823, 4823, 4823
4649, 4649, 4649
4649, 4649, 4649
5631, 5631, 5631
4649, 4649, 4649
4649, 4649, 4649
5330, 5330, 5330
3675, 3675, 3675
4348, 4348, 4348
5510, 5510, 5510
4649, 4649, 4649
5509, 5509, 5509
5509, 5509, 5509
2932, 2932, 2932
8, 8, 8
2932, 2932, 2932
2932, 2932, 2932
5560, 5560, 5560
#, trajectory num :173
3697, 3697, 3697
1030, 1030, 1030
2959, 2959, 2959
2959, 2959, 2959
4517, 4517, 4517
868, 868, 868
5683, 5683, 5683
4446, 4446, 4446
561, 561, 561
2987, 2987, 2987
3225, 3225, 3225
2989, 2989, 2989
560, 560, 560
563, 563, 563
560, 560, 560
3700, 3700, 3700
3700, 3700, 3700
3246, 3246, 3246
2421, 2421, 2421
3109, 3109, 3109
4883, 4883, 4883
4883, 4883, 4883
#, trajectory num :174
2410, 2410, 2410
4812, 4812, 4812
3026, 3026, 3026
6016, 6016, 6016
6016, 6016, 6016
2412, 2412, 2412
2957, 2957, 2957
2118, 2118, 2118
2412, 2412, 2412
2412, 2412, 2412
6016, 6016, 6016
1725, 1725, 1725
1725, 1725, 1725
3919, 3919, 3919
3919, 3919, 3919
3919, 3919, 3919
1725, 1725, 1725
1725, 1725, 1725
1729, 1729, 1729
2412, 2412, 2412
6016, 6016, 6016
1725, 1725, 1725
#, trajectory num :175
1301, 1301, 1301
5344, 5344, 5344
3441, 3441, 3441
3277, 3277, 3277
1322, 1322, 1322
1322, 1322, 1322
1761, 1761, 1761
5344, 5344, 5344
1351, 1351, 1351
661, 661, 661
5308, 5308, 5308
907, 907, 907
5893, 5893, 5893
3279, 3279, 3279
5343, 5343, 5343
664, 664, 664
6003, 6003, 6003
664, 664, 664
4151, 4151, 4151
5922, 5922, 5922
4057, 4057, 4057
634, 634, 634
#, trajectory num :176
4553, 4553, 4553
221, 221, 221
98, 98, 98
4312, 4312, 4312
2499, 2499, 2499
360, 360, 360
161, 161, 161
88, 88, 88
2499, 2499, 2499
2499, 2499, 2499
2499, 2499, 2499
2741, 2741, 2741
2472, 2472, 2472
139, 139, 139
363, 363, 363
136, 136, 136
4311, 4311, 4311
4311, 4311, 4311
129, 129, 129
387, 387, 387
85, 85, 85
2352, 2352, 2352
#, trajectory num :177
5732, 5732, 5732
2940, 2940, 2940
2940, 2940, 2940
5460, 5460, 5460
5460, 5460, 5460
3689, 3689, 3689
2987, 2987, 2987
2650, 2650, 2650
2960, 2960, 2960
3199, 3199, 3199
1322, 1322, 1322
1001, 1001, 1001
1695, 1695, 1695
2924, 2924, 2924
1086, 1086, 1086
3001, 3001, 3001
1087, 1087, 1087
5670, 5670, 5670
5638, 5638, 5638
5679, 5679, 5679
3450, 3450, 3450
1354, 1354, 1354
#, trajectory num :178
5354, 5354, 5354
4984, 4984, 4984
4981, 4981, 4981
4170, 4170, 4170
2552, 2552, 2552
258, 258, 258
4210, 4210, 4210
255, 255, 255
258, 258, 258
162, 162, 162
137, 137, 137
4554, 4554, 4554
143, 143, 143
387, 387, 387
4311, 4311, 4311
4311, 4311, 4311
387, 387, 387
142, 142, 142
92, 92, 92
4984, 4984, 4984
5380, 5380, 5380
1513, 1513, 1513
#, trajectory num :179
732, 732, 732
1256, 1256, 1256
4908, 4908, 4908
3996, 3996, 3996
4908, 4908, 4908
4014, 4014, 4014
3597, 3597, 3597
3597, 3597, 3597
3545, 3545, 3545
1741, 1741, 1741
42, 42, 42
1741, 1741, 1741
3581, 3581, 3581
3225, 3225, 3225
3225, 3225, 3225
5459, 5459, 5459
2648, 2648, 2648
3441, 3441, 3441
5343, 5343, 5343
3772, 3772, 3772
4094, 4094, 4094
3141, 3141, 3141
#, trajectory num :180
185, 185, 185
5020, 5020, 5020
5860, 5860, 5860
5576, 5576, 5576
5577, 5577, 5577
5576, 5576, 5576
4217, 4217, 4217
3977, 3977, 3977
2238, 2238, 2238
2255, 2255, 2255
2097, 2097, 2097
4813, 4813, 4813
2140, 2140, 2140
2422, 2422, 2422
2417, 2417, 2417
2417, 2417, 2417
2417, 2417, 2417
2429, 2429, 2429
1072, 1072, 1072
5957, 5957, 5957
5592, 5592, 5592
5591, 5591, 5591
#, trajectory num :181
5854, 5854, 5854
3866, 3866, 3866
3868, 3868, 3868
3868, 3868, 3868
3868, 3868, 3868
4177, 4177, 4177
4177, 4177, 4177
432, 432, 432
6020, 6020, 6020
6016, 6016, 6016
3026, 3026, 3026
2413, 2413, 2413
2415, 2415, 2415
2410, 2410, 2410
2422, 2422, 2422
2422, 2422, 2422
2422, 2422, 2422
5200, 5200, 5200
3693, 3693, 3693
3700, 3700, 3700
5943, 5943, 5943
3247, 3247, 3247
#, trajectory num :182
5713, 5713, 5713
5152, 5152, 5152
5678, 5678, 5678
1157, 1157, 1157
1157, 1157, 1157
1247, 1247, 1247
994, 994, 994
994, 994, 994
1654, 1654, 1654
5344, 5344, 5344
3096, 3096, 3096
664, 664, 664
4150, 4150, 4150
4150, 4150, 4150
664, 664, 664
4150, 4150, 4150
4153, 4153, 4153
5342, 5342, 5342
1767, 1767, 1767
4112, 4112, 4112
1017, 1017, 1017
767, 767, 767
#, trajectory num :183
1290, 1290, 1290
1053, 1053, 1053
1052, 1052, 1052
2361, 2361, 2361
4080, 4080, 4080
1052, 1052, 1052
1290, 1290, 1290
1290, 1290, 1290
6041, 6041, 6041
5987, 5987, 5987
3044, 3044, 3044
1149, 1149, 1149
4153, 4153, 4153
3151, 3151, 3151
4087, 4087, 4087
6026, 6026, 6026
5922, 5922, 5922
4149, 4149, 4149
1299, 1299, 1299
5616, 5616, 5616
463, 463, 463
2941, 2941, 2941
#, trajectory num :184
10, 10, 10
2932, 2932, 2932
4751, 4751, 4751
5385, 5385, 5385
5509, 5509, 5509
4333, 4333, 4333
5509, 5509, 5509
3354, 3354, 3354
1999, 1999, 1999
5532, 5532, 5532
4169, 4169, 4169
2290, 2290, 2290
2288, 2288, 2288
258, 258, 258
4475, 4475, 4475
4475, 4475, 4475
4475, 4475, 4475
4475, 4475, 4475
4170, 4170, 4170
144, 144, 144
89, 89, 89
2678, 2678, 2678
#, trajectory num :185
4631, 4631, 4631
2092, 2092, 2092
3100, 3100, 3100
2983, 2983, 2983
542, 542, 542
4825, 4825, 4825
3214, 3214, 3214
3634, 3634, 3634
4825, 4825, 4825
2153, 2153, 2153
5252, 5252, 5252
2983, 2983, 2983
3463, 3463, 3463
2904, 2904, 2904
3416, 3416, 3416
5354, 5354, 5354
5509, 5509, 5509
4333, 4333, 4333
3354, 3354, 3354
5509, 5509, 5509
3354, 3354, 3354
5640, 5640, 5640
#, trajectory num :186
259, 259, 259
2095, 2095, 2095
598, 598, 598
1775, 1775, 1775
5559, 5559, 5559
3500, 3500, 3500
5566, 5566, 5566
835, 835, 835
3324, 3324, 3324
3324, 3324, 3324
3254, 3254, 3254
4680, 4680, 4680
5954, 5954, 5954
5367, 5367, 5367
1582, 1582, 1582
873, 873, 873
873, 873, 873
3256, 3256, 3256
484, 484, 484
1860, 1860, 1860
833, 833, 833
3324, 3324, 3324
#, trajectory num :187
2882, 2882, 2882
1344, 1344, 1344
732, 732, 732
3899, 3899, 3899
1009, 1009, 1009
680, 680, 680
3597, 3597, 3597
5690, 5690, 5690
5522, 5522, 5522
4795, 4795, 4795
4796, 4796, 4796
3070, 3070, 3070
925, 925, 925
3071, 3071, 3071
1736, 1736, 1736
4408, 4408, 4408
1740, 1740, 1740
5686, 5686, 5686
4710, 4710, 4710
586, 586, 586
5952, 5952, 5952
873, 873, 873
#, trajectory num :188
3246, 3246, 3246
1612, 1612, 1612
3107, 3107, 3107
3138, 3138, 3138
4886, 4886, 4886
3108, 3108, 3108
5734, 5734, 5734
5738, 5738, 5738
4668, 4668, 4668
4956, 4956, 4956
4886, 4886, 4886
4882, 4882, 4882
4450, 4450, 4450
3107, 3107, 3107
1778, 1778, 1778
1614, 1614, 1614
1612, 1612, 1612
1205, 1205, 1205
2859, 2859, 2859
5789, 5789, 5789
1072, 1072, 1072
1072, 1072, 1072
#, trajectory num :189
5338, 5338, 5338
4282, 4282, 4282
4282, 4282, 4282
4282, 4282, 4282
4275, 4275, 4275
2539, 2539, 2539
2539, 2539, 2539
3826, 3826, 3826
2529, 2529, 2529
2516, 2516, 2516
2211, 2211, 2211
2520, 2520, 2520
3845, 3845, 3845
411, 411, 411
2236, 2236, 2236
3844, 3844, 3844
2213, 2213, 2213
3977, 3977, 3977
2238, 2238, 2238
409, 409, 409
3357, 3357, 3357
1690, 1690, 1690
#, trajectory num :190
5078, 5078, 5078
4335, 4335, 4335
3465, 3465, 3465
4809, 4809, 4809
5752, 5752, 5752
5074, 5074, 5074
5752, 5752, 5752
5542, 5542, 5542
2252, 2252, 2252
5538, 5538, 5538
8, 8, 8
2384, 2384, 2384
2384, 2384, 2384
5559, 5559, 5559
3327, 3327, 3327
3327, 3327, 3327
3257, 3257, 3257
1227, 1227, 1227
963, 963, 963
4709, 4709, 4709
1119, 1119, 1119
1799, 1799, 1799
#, trajectory num :191
2410, 2410, 2410
3026, 3026, 3026
2120, 2120, 2120
5986, 5986, 5986
3026, 3026, 3026
2120, 2120, 2120
6019, 6019, 6019
186, 186, 186
5957, 5957, 5957
5957, 5957, 5957
215, 215, 215
2634, 2634, 2634
5152, 5152, 5152
4316, 4316, 4316
5844, 5844, 5844
5152, 5152, 5152
5152, 5152, 5152
215, 215, 215
5145, 5145, 5145
2429, 2429, 2429
5566, 5566, 5566
2429, 2429, 2429
#, trajectory num :192
1659, 1659, 1659
2254, 2254, 2254
1775, 1775, 1775
1322, 1322, 1322
1001, 1001, 1001
1654, 1654, 1654
994, 994, 994
1155, 1155, 1155
5282, 5282, 5282
1745, 1745, 1745
5282, 5282, 5282
761, 761, 761
1744, 1744, 1744
5281, 5281, 5281
1437, 1437, 1437
5680, 5680, 5680
3304, 3304, 3304
5707, 5707, 5707
1154, 1154, 1154
1087, 1087, 1087
5670, 5670, 5670
2924, 2924, 2924
#, trajectory num :193
3657, 3657, 3657
3062, 3062, 3062
5760, 5760, 5760
4963, 4963, 4963
2757, 2757, 2757
2585, 2585, 2585
2181, 2181, 2181
2244, 2244, 2244
5623, 5623, 5623
2157, 2157, 2157
2188, 2188, 2188
5394, 5394, 5394
5383, 5383, 5383
4808, 4808, 4808
3571, 3571, 3571
3175, 3175, 3175
5622, 5622, 5622
3171, 3171, 3171
5622, 5622, 5622
3103, 3103, 3103
5622, 5622, 5622
611, 611, 611
#, trajectory num :194
4134, 4134, 4134
833, 833, 833
830, 830, 830
2924, 2924, 2924
5152, 5152, 5152
2924, 2924, 2924
5565, 5565, 5565
2924, 2924, 2924
3041, 3041, 3041
3948, 3948, 3948
1407, 1407, 1407
5997, 5997, 5997
1425, 1425, 1425
4991, 4991, 4991
3296, 3296, 3296
41, 41, 41
1227, 1227, 1227
1227, 1227, 1227
1742, 1742, 1742
2261, 2261, 2261
43, 43, 43
485, 485, 485
#, trajectory num :195
3573, 3573, 3573
890, 890, 890
4627, 4627, 4627
3422, 3422, 3422
6026, 6026, 6026
887, 887, 887
1359, 1359, 1359
2884, 2884, 2884
968, 968, 968
5309, 5309, 5309
1303, 1303, 1303
1303, 1303, 1303
2095, 2095, 2095
1775, 1775, 1775
5152, 5152, 5152
3152, 3152, 3152
830, 830, 830
4076, 4076, 4076
4140, 4140, 4140
5677, 5677, 5677
830, 830, 830
5559, 5559, 5559
#, trajectory num :196
2859, 2859, 2859
1730, 1730, 1730
1850, 1850, 1850
1850, 1850, 1850
4031, 4031, 4031
4031, 4031, 4031
329, 329, 329
270, 270, 270
270, 270, 270
270, 270, 270
4177, 4177, 4177
2785, 2785, 2785
329, 329, 329
4293, 4293, 4293
4293, 4293, 4293
5854, 5854, 5854
5854, 5854, 5854
215, 215, 215
5864, 5864, 5864
831, 831, 831
5864, 5864, 5864
4134, 4134, 4134
#, trajectory num :197
2417, 2417, 2417
2417, 2417, 2417
2410, 2410, 2410
6018, 6018, 6018
3026, 3026, 3026
2410, 2410, 2410
5610, 5610, 5610
2410, 2410, 2410
2096, 2096, 2096
2140, 2140, 2140
2140, 2140, 2140
2417, 2417, 2417
3354, 3354, 3354
1756, 1756, 1756
3286, 3286, 3286
2871, 2871, 2871
2871, 2871, 2871
4765, 4765, 4765
1690, 1690, 1690
5089, 5089, 5089
5091, 5091, 5091
4765, 4765, 4765
#, trajectory num :198
1087, 1087, 1087
5869, 5869, 5869
5869, 5869, 5869
2926, 2926, 2926
5845, 5845, 5845
3266, 3266, 3266
3266, 3266, 3266
3371, 3371, 3371
3853, 3853, 3853
3853, 3853, 3853
743, 743, 743
3853, 3853, 3853
5345, 5345, 5345
5345, 5345, 5345
5345, 5345, 5345
2280, 2280, 2280
3853, 3853, 3853
2276, 2276, 2276
5726, 5726, 5726
4198, 4198, 4198
5852, 5852, 5852
4212, 4212, 4212
#, trajectory num :199
46, 46, 46
5167, 5167, 5167
1721, 1721, 1721
878, 878, 878
5688, 5688, 5688
3289, 3289, 3289
5684, 5684, 5684
5455, 5455, 5455
1746, 1746, 1746
5282, 5282, 5282
5670, 5670, 5670
3370, 3370, 3370
3001, 3001, 3001
1659, 1659, 1659
2924, 2924, 2924
4134, 4134, 4134
833, 833, 833
830, 830, 830
3324, 3324, 3324
3335, 3335, 3335
1854, 1854, 1854
2429, 2429, 2429
#, trajectory num :200
5677, 5677, 5677
5677, 5677, 5677
825, 825, 825
822, 822, 822
979, 979, 979
3335, 3335, 3335
5367, 5367, 5367
963, 963, 963
4710, 4710, 4710
3895, 3895, 3895
1029, 1029, 1029
3029, 3029, 3029
1026, 1026, 1026
586, 586, 586
3276, 3276, 3276
4710, 4710, 4710
5369, 5369, 5369
833, 833, 833
3694, 3694, 3694
3324, 3324, 3324
833, 833, 833
831, 831, 831
#, trajectory num :201
2352, 2352, 2352
2677, 2677, 2677
2493, 2493, 2493
136, 136, 136
137, 137, 137
255, 255, 255
2602, 2602, 2602
2602, 2602, 2602
2602, 2602, 2602
4609, 4609, 4609
5863, 5863, 5863
197, 197, 197
2294, 2294, 2294
197, 197, 197
2602, 2602, 2602
2602, 2602, 2602
2607, 2607, 2607
221, 221, 221
58, 58, 58
4609, 4609, 4609
2604, 2604, 2604
4247, 4247, 4247
#, trajectory num :202
5147, 5147, 5147
4292, 4292, 4292
3801, 3801, 3801
5863, 5863, 5863
4262, 4262, 4262
422, 422, 422
4283, 4283, 4283
2290, 2290, 2290
2763, 2763, 2763
2753, 2753, 2753
4255, 4255, 4255
4255, 4255, 4255
2753, 2753, 2753
2290, 2290, 2290
2122, 2122, 2122
5338, 5338, 5338
4656, 4656, 4656
6016, 6016, 6016
6016, 6016, 6016
6020, 6020, 6020
1724, 1724, 1724
2410, 2410, 2410
#, trajectory num :203
484, 484, 484
2898, 2898, 2898
873, 873, 873
3276, 3276, 3276
2898, 2898, 2898
2066, 2066, 2066
1796, 1796, 1796
3326, 3326, 3326
1854, 1854, 1854
3335, 3335, 3335
3324, 3324, 3324
52, 52, 52
4859, 4859, 4859
1488, 1488, 1488
5843, 5843, 5843
5843, 5843, 5843
5843, 5843, 5843
5843, 5843, 5843
5150, 5150, 5150
3267, 3267, 3267
1157, 1157, 1157
830, 830, 830
#, trajectory num :204
5840, 5840, 5840
213, 213, 213
2549, 2549, 2549
3308, 3308, 3308
2549, 2549, 2549
2606, 2606, 2606
2549, 2549, 2549
2606, 2606, 2606
2606, 2606, 2606
4317, 4317, 4317
5846, 5846, 5846
5846, 5846, 5846
2644, 2644, 2644
3616, 3616, 3616
5846, 5846, 5846
5846, 5846, 5846
5846, 5846, 5846
5846, 5846, 5846
3869, 3869, 3869
3865, 3865, 3865
5843, 5843, 5843
5845, 5845, 5845
#, trajectory num :205
3622, 3622, 3622
5044, 5044, 5044
5622, 5622, 5622
2434, 2434, 2434
118, 118, 118
2188, 2188, 2188
3100, 3100, 3100
542, 542, 542
1518, 1518, 1518
3436, 3436, 3436
1518, 1518, 1518
5392, 5392, 5392
3098, 3098, 3098
4306, 4306, 4306
3106, 3106, 3106
2594, 2594, 2594
5392, 5392, 5392
2181, 2181, 2181
3177, 3177, 3177
5394, 5394, 5394
4808, 4808, 4808
5252, 5252, 5252
#, trajectory num :206
3976, 3976, 3976
5023, 5023, 5023
2217, 2217, 2217
5224, 5224, 5224
2130, 2130, 2130
2130, 2130, 2130
1713, 1713, 1713
2804, 2804, 2804
1107, 1107, 1107
2040, 2040, 2040
2238, 2238, 2238
3157, 3157, 3157
2512, 2512, 2512
3157, 3157, 3157
5572, 5572, 5572
2512, 2512, 2512
5576, 5576, 5576
5576, 5576, 5576
5587, 5587, 5587
2259, 2259, 2259
2259, 2259, 2259
2100, 2100, 2100
#, trajectory num :207
3360, 3360, 3360
3367, 3367, 3367
2217, 2217, 2217
2217, 2217, 2217
2217, 2217, 2217
2217, 2217, 2217
2218, 2218, 2218
2130, 2130, 2130
2199, 2199, 2199
2036, 2036, 2036
2217, 2217, 2217
2199, 2199, 2199
1713, 1713, 1713
2130, 2130, 2130
2581, 2581, 2581
4263, 4263, 4263
381, 381, 381
5536, 5536, 5536
5494, 5494, 5494
5494, 5494, 5494
8, 8, 8
4860, 4860, 4860
#, trajectory num :208
1001, 1001, 1001
5670, 5670, 5670
3054, 3054, 3054
4724, 4724, 4724
2948, 2948, 2948
5281, 5281, 5281
5707, 5707, 5707
4965, 4965, 4965
5701, 5701, 5701
5702, 5702, 5702
2644, 2644, 2644
670, 670, 670
1767, 1767, 1767
2882, 2882, 2882
2882, 2882, 2882
4149, 4149, 4149
4149, 4149, 4149
1010, 1010, 1010
4151, 4151, 4151
634, 634, 634
2864, 2864, 2864
3277, 3277, 3277
#, trajectory num :209
2251, 2251, 2251
5506, 5506, 5506
4335, 4335, 4335
5517, 5517, 5517
3465, 3465, 3465
16, 16, 16
5551, 5551, 5551
3339, 3339, 3339
5495, 5495, 5495
4860, 4860, 4860
5069, 5069, 5069
4860, 4860, 4860
2352, 2352, 2352
2690, 2690, 2690
5244, 5244, 5244
5244, 5244, 5244
5759, 5759, 5759
8, 8, 8
5560, 5560, 5560
15, 15, 15
4294, 4294, 4294
4294, 4294, 4294
#, trajectory num :210
3600, 3600, 3600
5398, 5398, 5398
5381, 5381, 5381
4964, 4964, 4964
5484, 5484, 5484
3466, 3466, 3466
5562, 5562, 5562
2092, 2092, 2092
542, 542, 542
2904, 2904, 2904
2153, 2153, 2153
2220, 2220, 2220
939, 939, 939
1929, 1929, 1929
4634, 4634, 4634
5991, 5991, 5991
936, 936, 936
1929, 1929, 1929
1929, 1929, 1929
3102, 3102, 3102
1518, 1518, 1518
1513, 1513, 1513
#, trajectory num :211
1695, 1695, 1695
1761, 1761, 1761
3084, 3084, 3084
3371, 3371, 3371
5282, 5282, 5282
3089, 3089, 3089
1776, 1776, 1776
1223, 1223, 1223
1776, 1776, 1776
1767, 1767, 1767
1767, 1767, 1767
4099, 4099, 4099
4112, 4112, 4112
4725, 4725, 4725
786, 786, 786
732, 732, 732
732, 732, 732
5522, 5522, 5522
28, 28, 28
42, 42, 42
2962, 2962, 2962
5455, 5455, 5455
#, trajectory num :212
2436, 2436, 2436
3180, 3180, 3180
3567, 3567, 3567
3100, 3100, 3100
2245, 2245, 2245
3569, 3569, 3569
3568, 3568, 3568
5623, 5623, 5623
4995, 4995, 4995
1513, 1513, 1513
2586, 2586, 2586
4944, 4944, 4944
5747, 5747, 5747
4944, 4944, 4944
2904, 2904, 2904
3100, 3100, 3100
3173, 3173, 3173
3173, 3173, 3173
4128, 4128, 4128
2092, 2092, 2092
4327, 4327, 4327
5538, 5538, 5538
#, trajectory num :213
2426, 2426, 2426
1072, 1072, 1072
2859, 2859, 2859
5789, 5789, 5789
3935, 3935, 3935
1078, 1078, 1078
1850, 1850, 1850
1850, 1850, 1850
2410, 2410, 2410
2410, 2410, 2410
332, 332, 332
4293, 4293, 4293
4293, 4293, 4293
2678, 2678, 2678
4293, 4293, 4293
4293, 4293, 4293
2678, 2678, 2678
2678, 2678, 2678
5861, 5861, 5861
4293, 4293, 4293
4292, 4292, 4292
2352, 2352, 2352
#, trajectory num :214
2072, 2072, 2072
52, 52, 52
1001, 1001, 1001
5714, 5714, 5714
1775, 1775, 1775
3898, 3898, 3898
1775, 1775, 1775
2864, 2864, 2864
661, 661, 661
6026, 6026, 6026
661, 661, 661
890, 890, 890
5311, 5311, 5311
2939, 2939, 2939
1419, 1419, 1419
1304, 1304, 1304
1373, 1373, 1373
4498, 4498, 4498
1327, 1327, 1327
3457, 3457, 3457
1327, 1327, 1327
3281, 3281, 3281
#, trajectory num :215
4263, 4263, 4263
4297, 4297, 4297
423, 423, 423
2302, 2302, 2302
4552, 4552, 4552
3801, 3801, 3801
2552, 2552, 2552
3850, 3850, 3850
3801, 3801, 3801
5863, 5863, 5863
4297, 4297, 4297
2277, 2277, 2277
4467, 4467, 4467
4210, 4210, 4210
4317, 4317, 4317
3850, 3850, 3850
5843, 5843, 5843
5843, 5843, 5843
1488, 1488, 1488
1488, 1488, 1488
3616, 3616, 3616
3081, 3081, 3081
#, trajectory num :216
5752, 5752, 5752
5562, 5562, 5562
2984, 2984, 2984
3465, 3465, 3465
5622, 5622, 5622
3568, 3568, 3568
2241, 2241, 2241
2984, 2984, 2984
4672, 4672, 4672
5383, 5383, 5383
5390, 5390, 5390
1357, 1357, 1357
3, 3, 3
1338, 1338, 1338
4660, 4660, 4660
544, 544, 544
4617, 4617, 4617
4362, 4362, 4362
4942, 4942, 4942
5378, 5378, 5378
3718, 3718, 3718
5400, 5400, 5400
#, trajectory num :217
5954, 5954, 5954
3997, 3997, 3997
43, 43, 43
570, 570, 570
1748, 1748, 1748
873, 873, 873
871, 871, 871
484, 484, 484
4680, 4680, 4680
5859, 5859, 5859
4703, 4703, 4703
1227, 1227, 1227
1682, 1682, 1682
3254, 3254, 3254
483, 483, 483
979, 979, 979
1682, 1682, 1682
1681, 1681, 1681
837, 837, 837
819, 819, 819
5668, 5668, 5668
1682, 1682, 1682
#, trajectory num :218
1860, 1860, 1860
1119, 1119, 1119
5943, 5943, 5943
3139, 3139, 3139
3134, 3134, 3134
4883, 4883, 4883
4883, 4883, 4883
864, 864, 864
847, 847, 847
4888, 4888, 4888
3249, 3249, 3249
3135, 3135, 3135
1262, 1262, 1262
2899, 2899, 2899
728, 728, 728
1799, 1799, 1799
1857, 1857, 1857
5619, 5619, 5619
3247, 3247, 3247
3246, 3246, 3246
1856, 1856, 1856
3324, 3324, 3324
#, trajectory num :219
8, 8, 8
3314, 3314, 3314
5383, 5383, 5383
3479, 3479, 3479
5395, 5395, 5395
2767, 2767, 2767
2477, 2477, 2477
126, 126, 126
4253, 4253, 4253
4249, 4249, 4249
83, 83, 83
4311, 4311, 4311
141, 141, 141
4313, 4313, 4313
137, 137, 137
3876, 3876, 3876
162, 162, 162
144, 144, 144
136, 136, 136
3876, 3876, 3876
2772, 2772, 2772
3876, 3876, 3876
#, trajectory num :220
2980, 2980, 2980
1571, 1571, 1571
1736, 1736, 1736
582, 582, 582
1736, 1736, 1736
5134, 5134, 5134
4512, 4512, 4512
582, 582, 582
1736, 1736, 1736
2988, 2988, 2988
791, 791, 791
586, 586, 586
586, 586, 586
5686, 5686, 5686
2261, 2261, 2261
749, 749, 749
485, 485, 485
4709, 4709, 4709
3228, 3228, 3228
4709, 4709, 4709
3895, 3895, 3895
4709, 4709, 4709
#, trajectory num :221
645, 645, 645
1353, 1353, 1353
1303, 1303, 1303
1675, 1675, 1675
5891, 5891, 5891
661, 661, 661
661, 661, 661
898, 898, 898
4151, 4151, 4151
5922, 5922, 5922
6001, 6001, 6001
5998, 5998, 5998
4150, 4150, 4150
664, 664, 664
4150, 4150, 4150
664, 664, 664
2939, 2939, 2939
5947, 5947, 5947
4628, 4628, 4628
4630, 4630, 4630
3281, 3281, 3281
3281, 3281, 3281
#, trajectory num :222
1679, 1679, 1679
1682, 1682, 1682
4732, 4732, 4732
766, 766, 766
3317, 3317, 3317
766, 766, 766
1089, 1089, 1089
4732, 4732, 4732
4732, 4732, 4732
259, 259, 259
5840, 5840, 5840
2549, 2549, 2549
5345, 5345, 5345
2280, 2280, 2280
5345, 5345, 5345
4796, 4796, 4796
1315, 1315, 1315
4796, 4796, 4796
2280, 2280, 2280
3900, 3900, 3900
786, 786, 786
786, 786, 786
#, trajectory num :223
3358, 3358, 3358
5528, 5528, 5528
2217, 2217, 2217
1644, 1644, 1644
2218, 2218, 2218
5023, 5023, 5023
3987, 3987, 3987
2716, 2716, 2716
2890, 2890, 2890
2130, 2130, 2130
3209, 3209, 3209
2888, 2888, 2888
2718, 2718, 2718
2217, 2217, 2217
2560, 2560, 2560
3352, 3352, 3352
378, 378, 378
4803, 4803, 4803
1693, 1693, 1693
3360, 3360, 3360
3360, 3360, 3360
5150, 5150, 5150
#, trajectory num :224
2864, 2864, 2864
1354, 1354, 1354
661, 661, 661
1675, 1675, 1675
5477, 5477, 5477
1414, 1414, 1414
1761, 1761, 1761
3054, 3054, 3054
3371, 3371, 3371
5670, 5670, 5670
3001, 3001, 3001
3370, 3370, 3370
3371, 3371, 3371
1746, 1746, 1746
4391, 4391, 4391
3450, 3450, 3450
3450, 3450, 3450
5282, 5282, 5282
1001, 1001, 1001
1001, 1001, 1001
994, 994, 994
1775, 1775, 1775
#, trajectory num :225
5957, 5957, 5957
1072, 1072, 1072
5957, 5957, 5957
5957, 5957, 5957
1072, 1072, 1072
5957, 5957, 5957
5566, 5566, 5566
820, 820, 820
833, 833, 833
5559, 5559, 5559
825, 825, 825
1089, 1089, 1089
1584, 1584, 1584
1582, 1582, 1582
4381, 4381, 4381
5222, 5222, 5222
4707, 4707, 4707
1227, 1227, 1227
484, 484, 484
2066, 2066, 2066
1681, 1681, 1681
1854, 1854, 1854
